48	20
70	58
30	20
20	19
21	17
27	6
34	72
17	11
55	32
48	3
70	41
30	28
12	23
48	2
47	50
17	23
48	46
55	28
44	23
14	61
38	44
51	2
42	9
70	5
29	61
39	57
39	46
7	44
39	72
28	33
20	57
20	23
48	29
15	33
35	2
14	50
7	20
27	32
53	11
51	57
1	58
70	29
42	32
37	72
67	63
34	9
67	44
51	18
25	16
51	29
70	9
17	31
46	31
42	2
37	9
35	10
1	41
63	11
42	57
35	46
44	18
51	19
53	31
24	72
59	63
15	46
40	11
47	31
20	8
63	6
1	2
51	32
48	72
58	31
32	64
42	29
60	50
69	63
48	60
15	43
70	12
52	17
70	72
72	61
1	28
72	50
51	10
56	1
20	31
49	44
20	18
44	43
39	10
34	10
22	9
7	17
70	17
67	32
73	61
15	32
48	44
65	71
40	68
44	8
44	68
25	63
41	31
65	68
39	13
70	28
35	73
2	31
67	16
40	71
15	57
34	29
10	50
44	50
51	8
48	18
26	44
22	64
35	57
39	28
63	66
56	20
35	47
43	31
35	32
20	11
48	12
44	14
1	60
22	16
26	16
70	44
44	31
42	18
14	31
33	31
20	50
39	43
52	3
52	20
54	28
51	72
51	73
67	30
17	50
20	14
7	41
39	5
70	13
52	10
30	11
30	63
66	23
20	68
35	18
15	5
30	2
55	18
30	44
15	18
1	44
70	57
57	31
7	28
22	44
21	3
26	64
26	20
20	43
36	53
26	9
51	12
16	31
52	63
56	63
56	17
22	20
21	20
6	31
39	3
51	44
45	64
44	64
67	17
29	31
29	50
39	60
16	11
63	2
39	47
44	57
7	73
19	31
7	58
15	60
3	23
39	29
30	5
15	12
6	50
20	10
34	47
13	61
49	64
70	2
46	50
60	31
67	20
51	28
35	9
18	31
30	6
27	46
52	44
44	11
39	2
52	30
1	63
4	63
70	20
44	19
20	47
65	11
39	18
49	20
51	43
70	46
30	12
28	2
51	9
9	61
60	11
48	57
51	60
20	64
