38	41
32	40
13	3
27	6
24	3
24	28
35	34
17	9
34	6
9	28
13	34
33	39
10	6
10	39
28	39
9	3
11	34
19	25
26	6
5	41
7	6
13	25
13	28
7	30
26	40
38	40
35	28
19	10
20	41
3	40
5	30
7	40
35	25
34	41
19	34
17	3
23	28
10	30
27	40
27	12
3	6
7	39
19	37
24	20
23	38
37	40
25	6
17	30
23	3
10	41
19	32
17	40
24	25
34	39
19	28
5	39
35	3
32	6
37	6
27	39
28	40
13	33
26	39
7	41
11	3
9	34
11	28
17	39
9	39
34	40
33	40
32	41
25	40
34	30
9	25
28	6
3	30
24	39
38	39
9	41
13	38
19	13
25	39
37	41
23	34
24	34
10	40
19	3
35	7
5	29
33	6
3	39
38	6
33	30
38	30
24	37
17	28
5	40
28	41
13	32
26	30
19	5
26	29
9	6
33	41
