84	80
11	65
84	24
42	80
45	54
37	61
20	81
56	75
88	67
91	75
13	75
78	15
15	75
45	67
37	77
45	3
43	65
80	65
41	65
84	41
72	65
88	24
37	80
62	14
28	51
14	75
44	21
45	24
48	9
34	75
69	65
84	69
44	33
63	75
60	15
85	15
75	9
42	24
44	51
12	65
47	75
8	65
28	46
45	61
54	65
57	43
88	80
84	77
75	65
84	81
44	46
74	75
37	24
84	67
20	6
49	75
67	65
15	9
79	74
24	65
83	15
84	54
2	15
25	75
52	15
27	75
42	61
22	9
53	65
37	67
73	15
88	69
5	9
79	55
17	65
51	75
45	80
79	1
64	75
4	15
82	65
81	65
44	50
84	6
46	75
38	75
44	14
59	75
37	69
32	75
76	15
35	65
28	10
7	9
5	65
30	32
58	75
42	3
29	75
88	54
3	75
7	65
42	41
26	75
23	15
61	65
84	61
30	72
79	63
84	3
71	65
55	75
30	35
40	15
10	75
37	3
19	75
44	10
79	34
42	67
45	69
37	54
1	75
70	11
31	15
37	41
86	15
44	57
8	9
66	75
21	72
18	75
77	75
89	65
50	43
37	39
39	65
79	13
88	61
87	65
6	65
88	3
15	65
36	15
42	54
33	90
88	41
42	69
79	19
16	75
45	41
30	43
