5	93
69	115
69	63
7	113
106	32
119	96
7	131
79	60
10	86
19	115
56	108
158	35
8	170
69	47
162	127
8	165
85	167
75	46
8	134
106	88
8	84
183	173
106	6
138	23
22	176
7	108
7	86
10	147
30	60
7	47
7	35
185	145
85	6
185	93
79	93
126	172
138	40
29	145
79	145
69	129
75	23
12	170
83	81
126	23
75	86
185	23
158	60
8	60
19	60
120	145
29	173
7	40
56	109
7	4
120	44
83	78
85	109
56	32
85	93
116	14
12	131
30	167
120	68
83	86
116	55
22	139
185	60
79	40
29	40
83	35
120	35
10	163
126	93
75	93
119	26
12	32
56	124
56	81
56	35
8	4
162	122
79	23
19	81
69	67
116	62
12	129
75	41
162	46
69	139
69	108
10	55
8	81
120	129
158	153
120	115
7	81
56	78
120	153
10	88
69	147
12	35
119	68
8	172
7	68
8	163
19	134
69	68
30	86
158	44
30	93
56	169
183	81
8	32
8	86
69	6
20	172
106	122
126	26
8	114
83	122
8	109
106	39
7	88
5	35
10	26
116	88
79	86
126	167
7	63
75	172
29	23
7	23
69	55
120	14
183	86
30	169
116	40
12	163
30	40
183	93
120	109
19	40
7	127
120	163
120	32
7	42
10	35
10	114
85	129
12	39
162	145
10	60
30	145
8	23
20	127
12	115
158	40
69	134
75	156
20	156
7	164
8	43
5	172
106	35
19	129
10	9
20	35
8	42
56	6
183	41
162	40
8	131
20	108
75	60
183	145
10	108
120	60
120	131
56	88
79	122
22	60
138	172
30	23
7	26
85	88
85	32
5	78
69	124
12	59
119	35
12	164
85	55
69	96
69	88
8	63
29	60
120	86
7	122
158	23
56	60
116	108
7	39
75	145
10	127
10	3
85	81
29	86
19	39
8	47
106	115
119	40
7	59
69	81
120	139
69	169
119	167
120	147
8	59
30	127
126	41
183	4
19	109
83	40
12	63
120	40
119	23
183	35
56	123
69	44
116	3
85	23
69	78
69	62
12	124
30	172
7	123
162	99
69	86
20	81
120	96
158	172
30	55
7	114
120	39
30	109
126	81
69	35
19	86
106	23
12	68
120	172
56	39
106	78
30	81
30	35
183	127
120	63
106	109
22	122
19	6
183	156
8	122
183	172
106	127
12	169
7	55
120	9
10	170
7	129
116	32
30	78
185	153
158	167
7	32
29	122
5	40
79	81
12	42
126	60
19	55
8	147
7	96
126	127
8	124
69	170
158	170
116	35
5	23
19	122
19	23
69	39
12	23
10	14
119	156
19	35
119	172
7	67
138	108
158	165
10	63
185	41
120	55
8	26
30	39
5	127
138	35
69	131
85	40
29	41
69	167
79	172
158	68
116	4
10	39
5	145
138	156
116	115
12	122
20	60
162	86
116	129
126	156
106	40
158	86
10	78
138	127
69	60
7	6
106	60
75	40
162	172
22	145
12	108
19	172
29	46
5	108
126	78
69	160
69	112
83	93
116	172
119	44
69	23
116	39
183	60
185	156
29	127
10	129
10	23
106	129
29	156
29	172
120	3
8	6
69	109
19	169
185	40
7	53
7	109
12	3
12	47
10	172
56	3
116	169
85	3
158	26
5	153
12	4
10	122
7	62
185	81
30	88
56	129
19	14
29	4
12	40
5	60
56	23
10	68
29	35
79	153
8	129
12	55
119	153
12	160
10	44
7	170
8	177
120	23
8	67
69	172
75	108
12	6
83	156
126	46
30	122
162	81
116	122
126	153
85	108
8	96
85	115
8	88
12	86
85	153
12	114
85	39
7	167
8	14
8	68
12	147
12	26
120	169
106	93
8	55
83	145
69	32
12	9
10	134
12	67
119	60
56	127
126	122
69	40
8	169
162	156
85	163
183	46
85	172
56	172
183	153
20	93
106	124
20	145
126	86
22	99
7	14
120	114
29	68
8	78
56	55
85	60
10	109
69	14
10	96
85	35
20	40
29	99
138	86
56	4
138	78
7	169
8	115
12	165
8	108
120	26
120	81
120	4
120	165
7	44
85	78
20	23
116	109
10	6
85	123
7	60
12	78
158	81
19	32
20	86
120	78
162	169
75	81
120	6
7	172
8	40
120	88
10	153
7	124
7	43
8	3
10	115
10	167
126	40
162	60
83	41
12	60
116	6
138	153
162	108
116	124
106	3
22	46
20	131
162	153
12	84
158	156
7	165
12	145
69	163
22	96
7	115
106	145
126	35
119	41
8	53
120	93
10	160
158	9
22	23
56	86
183	68
69	42
69	3
8	167
22	112
75	122
183	40
106	108
83	60
162	93
162	41
126	68
119	131
83	108
8	123
19	96
5	86
116	78
56	122
12	14
10	169
10	145
7	134
120	170
10	93
126	99
83	23
75	99
8	160
119	9
126	145
85	86
69	59
158	41
29	176
119	170
185	127
8	139
12	88
8	35
56	40
12	172
29	153
7	147
12	167
5	81
83	127
119	114
7	177
8	62
119	165
119	86
120	108
106	169
120	167
126	108
20	122
83	153
30	3
7	78
75	153
29	81
138	96
158	131
85	145
85	169
162	23
12	81
30	129
106	86
10	40
138	60
126	131
19	3
119	81
22	93
83	172
116	86
10	165
183	23
106	172
116	23
10	81
10	131
30	6
12	62
19	62
30	108
19	124
183	99
30	115
138	81
79	169
116	60
12	127
30	153
29	93
106	55
56	115
7	3
12	109
12	134
8	39
20	153
12	93
7	163
12	44
19	88
