62	6
31	20
61	64
18	47
7	15
4	78
79	78
68	6
63	6
71	10
18	22
43	10
68	19
34	6
60	20
15	6
39	6
10	19
37	20
35	38
18	28
18	25
43	9
10	6
43	15
31	48
79	6
3	20
29	22
56	6
25	20
68	78
18	50
52	64
4	19
25	19
28	20
18	62
26	15
10	64
10	78
16	64
56	20
57	20
79	64
61	78
47	20
61	6
31	6
18	68
73	20
71	9
63	20
35	10
7	40
35	25
34	20
16	19
16	6
17	20
44	20
18	43
18	72
4	20
52	19
31	64
8	6
3	6
18	31
18	39
65	6
16	20
26	71
25	6
17	78
18	79
18	61
18	15
57	6
63	78
43	28
50	6
17	19
18	17
60	6
32	6
65	48
37	6
68	64
61	20
18	16
31	78
4	64
10	20
9	20
52	20
17	6
73	48
44	6
18	69
63	19
18	73
62	20
68	20
25	64
43	63
28	6
23	6
18	37
73	6
3	48
31	19
61	19
18	34
15	20
52	78
23	20
70	25
79	20
70	9
25	78
18	38
50	20
4	6
51	63
35	9
71	63
32	20
71	25
18	63
63	64
52	6
8	20
17	64
79	19
47	6
71	15
65	20
16	78
9	6
67	25
39	20
79	48
