56	30
15	14
54	33
1	39
24	28
15	42
54	15
4	30
13	53
29	42
47	41
6	36
24	43
24	22
35	22
54	56
6	41
47	14
29	11
13	22
55	13
55	6
37	16
29	41
17	11
29	22
6	21
35	41
37	30
6	51
17	42
56	51
1	37
47	11
1	14
37	43
1	19
24	36
6	39
15	36
54	13
56	43
4	14
1	41
13	41
54	9
55	1
54	37
24	24
29	39
1	32
24	53
6	7
29	34
15	53
15	28
13	28
15	39
37	53
37	39
29	28
35	39
1	21
29	53
15	43
6	11
17	36
35	38
56	41
47	51
6	34
24	11
15	19
13	19
37	21
1	4
13	37
54	17
6	16
54	31
15	22
35	14
47	52
56	19
6	30
29	27
29	21
35	42
13	39
54	29
6	43
1	36
54	24
54	10
37	14
13	42
6	28
1	53
37	36
17	14
1	28
35	51
13	56
29	14
6	22
15	11
1	43
54	1
56	36
1	22
15	16
1	1
54	35
37	28
37	34
35	36
24	51
1	11
13	51
29	19
54	3
54	2
47	22
4	41
37	51
24	41
37	11
37	22
56	7
29	16
35	28
13	36
24	39
47	28
55	15
47	53
29	43
56	39
1	56
17	4
24	42
55	54
6	42
6	53
1	24
13	38
54	6
56	53
4	22
56	28
1	16
35	30
47	36
37	41
6	14
56	14
54	47
35	53
13	11
13	43
47	30
4	28
54	46
56	22
4	53
29	36
1	15
37	42
6	19
56	11
24	14
35	11
35	43
17	28
13	14
24	19
1	51
29	51
15	41
13	24
15	51
47	42
37	19
