36	22
15	42
54	15
17	37
36	44
38	19
50	37
17	23
27	31
55	19
9	53
17	53
9	31
47	37
55	23
55	43
36	43
9	43
30	37
54	8
15	45
47	11
30	19
38	31
17	31
55	44
27	19
50	53
55	22
54	9
9	44
27	52
30	53
9	22
15	53
54	32
50	22
38	21
36	19
47	31
9	11
54	48
27	35
30	23
36	37
27	38
55	14
38	43
25	53
15	43
9	35
47	23
38	52
47	40
30	45
15	19
9	52
6	40
15	22
9	7
54	17
27	40
17	35
55	40
9	23
38	7
50	35
50	14
9	40
6	52
17	43
6	43
50	45
25	38
47	35
54	10
55	45
55	11
15	35
6	35
50	19
9	45
27	53
17	40
55	35
17	19
27	7
30	14
50	40
55	7
38	35
38	22
17	7
6	22
54	2
30	22
50	7
54	25
47	19
36	52
15	40
30	11
47	22
38	53
27	14
27	9
47	43
55	9
27	37
36	35
54	1
17	12
36	23
55	52
27	22
9	37
36	11
9	19
47	53
17	22
27	11
54	55
6	53
15	7
30	35
50	44
38	37
36	40
54	6
47	45
38	40
36	7
54	38
50	43
55	53
38	11
50	52
15	37
30	40
6	37
36	31
15	11
54	36
55	37
36	53
30	7
50	23
17	52
50	11
30	43
