100	91
70	58
112	6
43	77
114	60
87	62
112	114
30	80
72	105
68	130
2	48
85	51
88	74
93	115
30	16
85	75
35	123
56	12
85	126
1	102
37	126
35	66
42	35
110	51
71	96
90	86
52	21
88	120
40	23
70	72
2	131
56	114
1	105
110	38
37	21
88	69
85	47
100	118
1	3
86	53
94	1
2	107
84	13
43	81
43	17
56	124
84	120
110	133
90	26
1	53
72	131
52	101
106	57
88	81
43	23
57	5
86	133
31	60
43	60
87	38
90	72
1	131
114	117
35	114
110	24
30	86
110	118
87	6
110	45
88	38
85	53
40	48
35	121
86	76
94	46
88	52
37	131
112	35
56	128
35	64
2	10
18	53
56	96
70	79
43	92
110	114
40	47
90	112
1	99
40	21
118	47
93	126
43	116
56	121
40	60
42	80
85	21
94	37
106	64
62	47
100	120
72	53
88	34
64	5
86	55
118	113
40	28
71	54
35	133
57	115
37	102
71	89
43	122
87	9
57	126
110	117
62	92
100	105
88	6
86	131
56	76
37	51
100	38
106	74
31	21
72	101
110	47
43	49
37	99
118	5
62	54
87	131
19	21
112	15
62	83
118	24
57	24
87	53
90	110
35	47
70	50
1	28
86	121
2	63
42	11
43	20
57	82
90	35
43	109
56	132
85	23
114	24
30	32
88	114
70	37
106	52
62	96
72	51
93	53
88	13
90	58
57	3
87	126
84	61
62	78
94	80
64	101
93	34
111	126
40	69
31	117
64	54
30	35
30	4
1	75
84	59
86	103
37	53
71	7
57	60
31	75
57	101
110	21
118	117
72	23
1	117
52	126
62	7
100	64
62	99
88	118
88	105
118	89
56	62
71	78
71	82
43	113
72	24
114	7
100	59
40	53
68	72
111	53
114	47
31	48
71	126
85	5
114	53
70	84
110	66
90	37
112	38
62	105
56	34
43	125
110	123
100	52
43	29
52	5
43	99
114	89
52	53
90	119
1	21
62	5
37	59
35	38
18	21
93	36
35	6
40	113
1	132
64	113
30	87
1	73
2	47
93	92
118	96
90	80
31	53
56	52
1	91
37	55
100	34
85	3
2	29
84	6
37	132
114	83
112	80
118	27
1	103
100	62
52	113
84	38
43	95
87	114
90	129
64	24
68	35
56	64
42	79
72	60
68	87
110	28
90	32
90	67
111	12
72	126
93	24
40	51
52	47
2	25
14	51
112	112
110	64
87	66
85	101
37	105
110	121
64	53
2	33
106	62
2	22
19	53
43	41
37	91
84	118
112	32
118	115
118	101
87	118
87	47
2	53
62	117
111	21
84	105
118	34
43	39
64	78
35	62
56	24
2	45
100	9
30	58
71	92
31	51
106	38
90	100
1	34
30	65
68	32
35	131
62	82
35	9
71	21
56	118
31	101
70	80
93	23
57	117
90	46
40	101
70	1
19	51
114	5
100	13
100	114
31	81
90	44
118	48
114	54
94	110
1	126
62	89
57	113
85	117
72	96
88	64
84	48
1	48
114	21
43	75
2	104
43	82
64	82
87	64
37	103
56	38
56	134
84	114
70	110
35	53
114	113
57	7
100	74
57	47
112	129
57	99
68	80
118	53
93	117
56	57
43	105
62	115
112	65
110	22
64	117
71	24
112	108
37	28
37	34
57	92
43	96
118	92
110	53
85	48
90	84
40	126
110	6
93	47
37	75
57	53
30	72
88	57
57	34
52	117
56	49
114	101
106	114
87	123
14	53
84	64
84	8
86	51
2	73
114	3
40	131
90	1
57	83
43	97
112	4
31	126
110	131
100	69
1	51
56	133
62	24
52	60
114	23
40	3
70	46
37	48
43	98
88	62
72	48
