21	18
25	9
13	17
2	17
20	19
21	17
26	19
13	31
22	13
13	9
17	27
2	14
24	22
4	13
6	5
20	13
24	27
22	19
24	18
7	6
32	5
21	9
16	14
24	31
21	19
9	5
2	18
21	14
4	25
7	14
9	27
2	27
12	22
25	31
20	31
13	19
21	6
16	13
21	31
4	10
20	12
2	31
10	27
18	5
25	6
18	27
6	27
21	10
20	11
2	32
25	14
12	5
16	2
21	12
26	17
7	9
20	14
2	9
7	18
13	27
25	32
21	25
25	5
14	27
24	10
16	24
13	18
17	5
14	5
16	31
21	32
32	27
26	10
10	5
19	27
16	11
12	27
13	6
31	5
26	13
2	10
13	25
25	27
24	14
25	18
4	17
13	14
31	27
20	22
19	5
24	32
2	6
7	31
24	13
