60	55
66	35
80	28
84	75
41	9
65	15
66	5
65	52
12	55
54	57
83	11
62	3
77	50
62	50
65	24
80	76
7	28
65	3
41	50
34	67
18	55
34	57
34	2
39	53
83	15
16	50
26	36
72	61
41	80
39	22
62	11
78	35
62	23
83	52
37	47
32	50
65	50
65	36
80	27
15	67
18	61
56	35
75	3
41	60
78	47
66	52
65	47
26	50
62	22
56	5
72	3
60	57
12	11
66	23
60	35
77	68
7	10
32	4
34	11
34	52
84	56
34	50
56	53
32	82
60	3
62	67
75	50
56	14
66	81
83	49
83	73
1	82
65	63
83	59
66	49
41	74
33	47
45	57
80	81
83	28
80	22
72	29
60	23
83	57
62	21
65	70
83	50
62	47
66	57
16	81
39	11
45	3
41	34
33	29
15	61
20	35
18	67
41	62
34	14
66	50
6	82
56	76
56	81
80	5
62	53
71	14
86	73
78	11
80	75
71	27
65	11
42	29
1	70
66	59
6	11
60	2
20	11
80	3
7	50
20	3
60	67
65	28
88	50
37	81
41	83
16	43
54	87
39	36
41	54
26	68
6	3
12	82
15	57
88	28
12	50
75	82
84	34
32	48
32	10
44	70
56	36
62	27
66	61
9	34
66	55
72	51
75	11
1	27
44	82
41	32
41	20
26	82
12	68
86	62
12	36
83	2
65	79
65	14
56	28
83	67
65	49
66	2
66	47
56	50
32	81
34	82
34	27
56	11
60	29
83	70
62	36
7	31
41	73
15	50
83	6
62	63
80	49
18	82
34	40
71	4
37	13
41	56
78	29
39	82
83	55
56	48
20	57
41	65
86	50
39	14
65	35
41	39
85	15
56	82
80	36
1	50
65	68
66	67
15	46
72	57
80	57
1	2
32	43
71	50
18	47
18	21
80	29
32	2
80	70
34	79
32	67
45	35
34	51
26	67
56	3
65	82
37	55
34	29
84	73
84	6
37	82
37	14
86	34
39	28
54	82
60	82
72	2
56	23
78	22
83	58
20	50
33	3
66	48
65	48
1	43
84	50
56	59
9	62
37	63
32	31
33	2
41	86
83	47
83	53
32	61
33	50
75	14
16	82
83	36
18	81
9	50
60	68
18	48
54	11
66	29
33	28
80	24
44	28
83	54
41	12
65	76
41	84
72	82
39	79
88	82
88	61
80	55
6	14
15	8
80	2
56	2
15	11
7	82
66	36
56	55
60	11
15	27
62	57
16	27
74	18
83	75
62	35
75	36
56	70
65	29
56	61
66	82
62	82
62	14
18	38
86	32
72	27
32	70
18	50
83	82
39	50
62	2
80	59
42	57
45	50
80	82
33	82
7	43
80	31
45	11
33	23
72	28
44	27
72	35
39	35
39	2
83	3
62	68
72	50
32	11
85	65
16	70
66	27
65	17
56	29
39	46
44	50
15	13
60	50
12	14
66	38
18	43
56	57
54	64
65	81
37	50
33	31
83	23
15	29
16	2
62	19
6	36
41	1
66	11
54	28
60	28
65	67
39	52
15	51
65	57
56	40
65	2
54	50
42	50
65	59
78	50
80	48
80	63
56	63
71	68
60	27
1	81
66	3
39	81
12	81
9	32
32	22
33	57
6	50
78	57
9	73
33	69
34	36
12	29
18	63
41	66
80	11
72	48
80	50
54	49
