26	9
22	21
11	10
64	80
3	27
47	73
26	73
12	72
12	35
6	15
47	55
79	56
29	55
1	14
22	19
3	35
68	43
79	82
52	80
10	45
22	53
59	60
12	22
3	72
24	65
52	70
29	9
35	69
2	15
13	69
83	86
4	80
11	83
51	15
4	23
1	18
12	64
3	22
1	53
79	23
35	56
64	70
4	70
13	56
6	18
72	54
52	54
76	15
51	73
48	15
48	56
77	79
31	10
3	25
66	73
6	21
1	58
24	69
77	24
68	84
47	53
12	52
79	54
84	56
77	72
79	69
72	16
62	56
1	16
12	27
66	81
62	15
22	65
66	15
38	80
1	80
35	53
20	53
1	63
35	23
4	69
3	29
64	69
24	8
27	56
66	63
20	80
51	65
13	53
72	53
72	9
26	80
20	63
38	73
3	20
31	83
12	77
2	86
1	9
51	81
10	53
68	83
52	56
47	56
48	80
29	56
48	63
3	11
20	16
47	81
62	53
79	71
13	16
64	8
4	65
35	63
27	70
1	70
22	67
83	15
22	56
25	41
22	9
59	65
38	16
11	38
3	31
29	21
12	79
26	15
25	63
25	73
68	56
51	18
38	9
22	16
2	63
52	69
1	56
26	63
13	65
64	73
51	21
66	55
25	80
72	55
51	67
10	56
22	58
6	56
3	1
20	9
79	63
11	11
24	80
3	26
20	70
10	18
4	56
11	72
27	69
6	80
1	5
79	39
1	15
11	35
29	15
52	65
77	10
22	73
1	21
72	23
24	73
49	15
31	56
6	46
38	18
62	63
52	16
29	73
72	73
52	73
49	43
29	80
22	5
10	63
1	65
83	55
52	41
72	8
27	8
38	56
59	80
22	14
12	85
1	19
64	16
72	30
77	83
38	61
3	43
72	80
66	53
29	46
52	53
59	56
11	4
25	21
12	10
3	24
38	43
35	50
4	54
20	42
64	56
47	15
1	73
6	16
72	40
29	63
68	24
22	18
12	24
76	56
24	16
62	80
66	16
47	63
76	46
49	17
64	9
83	80
20	56
4	16
35	44
29	75
51	56
27	9
4	41
11	64
3	68
1	67
27	55
11	56
76	63
3	52
24	42
72	69
35	42
35	16
72	32
38	63
72	82
4	53
59	19
51	80
51	63
68	10
1	23
48	55
25	33
27	80
3	79
22	63
35	65
79	32
27	73
77	43
79	53
62	55
38	15
20	23
29	70
72	65
72	70
12	83
10	17
64	63
38	87
83	56
59	15
85	43
59	63
26	56
3	77
27	16
26	78
20	81
24	56
79	73
66	56
6	8
59	55
6	55
12	56
79	16
2	56
13	23
84	10
22	23
13	73
3	47
64	55
35	73
22	80
47	16
4	73
83	63
31	43
49	56
72	37
3	10
47	80
77	56
79	65
3	64
22	70
24	15
62	19
79	80
79	34
12	43
24	74
72	44
85	56
10	7
11	43
72	15
12	20
72	63
59	46
24	63
10	15
25	56
59	17
38	55
12	11
59	9
22	15
11	24
6	65
52	23
84	83
24	19
79	9
10	65
59	32
25	8
72	81
27	63
72	56
66	80
3	56
