59	57
50	70
72	60
15	14
3	15
16	8
75	71
54	15
23	30
35	39
15	24
11	10
41	9
78	15
15	75
64	57
65	15
25	74
75	46
26	33
42	49
50	34
32	24
60	52
11	46
58	55
1	14
32	39
58	49
70	35
37	15
43	24
19	15
69	57
56	20
75	54
69	75
60	33
15	53
72	46
41	78
47	11
50	33
9	11
22	53
11	33
25	42
57	51
57	68
15	6
67	65
14	39
67	20
67	78
11	57
40	72
7	17
70	43
59	11
26	2
42	5
61	49
67	55
70	53
51	15
35	4
9	71
67	62
7	73
45	15
23	37
59	3
69	2
16	49
64	11
67	73
15	67
11	1
42	1
15	72
5	53
15	47
15	2
57	44
1	79
74	59
67	35
27	46
50	63
50	72
73	6
41	43
60	57
47	5
56	54
16	3
16	74
17	39
57	64
15	26
57	14
22	49
26	75
63	60
2	35
67	49
50	49
16	31
15	62
26	59
55	41
56	43
23	51
56	73
5	45
56	53
60	8
60	3
50	51
71	24
26	11
67	7
62	15
5	35
59	43
25	63
23	46
42	33
16	38
75	35
55	39
15	55
67	37
5	16
53	41
41	74
16	65
23	11
16	52
59	62
22	10
65	39
41	18
64	47
16	46
15	34
62	39
57	30
16	28
41	79
59	35
15	42
60	45
8	15
42	43
59	52
70	55
16	62
7	49
67	10
69	33
70	16
42	67
44	39
16	73
10	39
23	35
31	15
15	21
35	15
43	15
15	61
15	70
63	8
5	55
15	45
5	77
57	46
50	42
16	34
66	50
15	59
50	53
50	74
15	10
57	62
15	28
15	68
15	39
41	14
15	79
23	65
49	24
52	39
35	79
41	32
56	27
7	19
56	41
15	19
75	33
56	71
25	41
47	75
23	14
59	8
5	33
10	24
50	57
7	79
56	16
72	64
15	32
18	39
16	43
23	62
67	38
47	60
57	35
23	44
57	24
41	17
31	39
15	57
15	49
9	33
5	10
23	3
10	41
4	15
67	52
34	39
42	11
67	28
44	24
15	64
59	33
3	41
11	53
79	39
15	40
26	5
15	5
13	39
50	10
59	54
32	41
57	3
70	10
41	20
79	15
2	57
47	2
55	15
5	43
75	8
67	19
5	57
5	49
64	54
67	34
64	74
75	45
16	32
1	7
36	40
5	8
68	15
75	77
7	55
15	12
60	62
1	30
30	15
1	15
50	52
25	15
15	1
7	32
15	37
69	5
72	5
25	72
11	41
41	73
11	43
57	4
49	15
50	32
63	5
61	41
42	53
15	3
9	60
1	39
9	59
57	52
58	73
23	8
50	55
64	69
15	30
22	35
15	74
23	24
16	41
35	37
35	68
22	45
28	15
67	30
11	54
60	35
7	10
52	41
48	15
27	8
75	11
60	46
15	8
67	54
75	16
35	41
2	70
64	29
28	39
41	39
15	25
1	19
42	22
35	10
15	66
15	4
15	73
69	60
61	32
46	6
15	46
25	40
16	14
63	46
61	55
70	1
15	17
60	54
57	8
58	53
41	30
15	9
35	38
23	71
35	6
56	1
71	39
19	39
21	77
22	48
23	28
53	15
55	24
23	68
67	32
9	2
50	46
16	30
8	6
56	44
50	35
7	53
60	64
1	17
14	15
29	33
25	6
15	35
41	10
18	15
5	46
57	38
49	39
15	63
40	74
15	52
59	46
67	46
57	37
23	57
61	43
67	8
64	42
16	51
12	6
7	41
50	28
61	73
67	18
58	41
11	49
72	75
59	45
67	79
49	41
11	64
40	63
2	16
57	28
42	71
59	10
15	7
59	53
35	43
1	24
41	49
67	17
53	39
35	7
16	72
23	34
16	48
15	20
15	60
50	3
15	71
22	43
41	63
35	55
2	33
15	44
58	20
50	43
16	37
43	41
26	57
69	11
50	62
47	59
58	10
61	53
15	11
41	42
67	1
56	55
41	24
61	10
50	1
71	15
57	65
60	11
68	39
15	27
11	15
59	49
43	39
78	39
23	38
73	39
30	39
41	7
50	48
67	43
56	42
2	45
67	3
51	39
23	52
40	42
1	18
59	64
38	15
11	39
29	11
75	57
67	71
15	33
22	1
63	75
56	72
7	20
64	63
2	11
41	53
35	17
15	54
15	48
62	41
42	2
56	74
72	59
1	41
67	51
42	57
17	15
16	53
9	75
7	43
35	20
58	43
60	70
67	14
41	19
53	24
16	45
5	11
9	5
57	33
74	75
3	39
7	14
15	43
74	5
59	1
57	71
15	22
50	8
66	77
15	77
16	20
74	60
35	53
34	15
35	73
70	49
50	45
16	35
16	10
15	58
47	57
16	1
15	13
29	57
29	66
15	29
56	10
15	69
15	38
64	26
41	15
57	11
15	78
13	15
61	20
23	64
58	32
23	4
35	78
69	59
15	50
45	39
41	72
7	18
15	51
56	40
50	31
23	54
74	46
15	18
22	55
35	49
64	72
20	6
64	33
52	15
40	6
56	63
15	31
38	39
64	9
16	42
40	15
15	16
10	15
57	34
41	55
32	15
11	55
74	64
15	56
29	50
56	49
67	68
2	77
67	53
42	59
64	46
16	55
9	57
57	54
11	24
42	10
37	39
47	33
4	39
45	41
15	65
20	39
26	60
54	24
54	39
42	75
15	41
63	59
75	64
67	4
8	39
5	1
50	65
50	11
