49	80
66	7
65	7
53	90
25	20
47	18
82	91
70	11
54	15
2	50
24	38
25	30
64	80
63	88
51	88
74	15
81	17
49	20
64	57
65	15
25	74
53	88
4	75
53	55
66	5
65	5
39	48
92	5
2	48
83	88
36	72
47	55
54	88
66	40
33	47
83	11
26	7
24	96
82	96
89	85
26	94
13	18
79	72
27	96
73	65
24	88
26	6
97	86
71	22
65	3
79	36
20	44
74	3
24	72
34	11
74	61
26	5
65	55
36	48
81	55
54	48
63	96
25	91
66	85
83	91
65	94
49	75
92	50
64	31
52	17
66	86
92	11
26	3
49	42
25	60
53	75
2	15
4	5
79	94
89	68
24	55
46	58
82	57
53	92
4	80
89	48
47	94
49	85
74	7
13	91
97	48
53	85
79	11
1	18
39	72
47	7
64	11
25	88
27	88
26	48
53	72
93	26
65	75
2	32
20	48
54	17
74	59
39	43
20	90
93	82
21	15
53	96
47	5
74	88
34	86
4	32
1	11
25	11
24	87
36	84
21	38
97	37
14	44
74	17
26	75
63	60
20	75
49	22
89	15
52	85
4	55
49	90
16	96
21	86
89	5
65	50
25	47
66	94
36	80
83	17
63	91
82	12
4	96
64	48
36	55
1	90
26	11
46	25
92	88
66	18
23	20
13	11
33	74
4	60
54	85
47	38
82	72
79	91
93	20
66	68
39	60
21	48
4	6
26	87
65	17
4	85
71	94
26	68
4	17
1	40
53	48
47	48
4	91
53	35
23	11
89	94
13	96
52	11
81	48
13	85
66	88
27	15
25	85
4	69
1	85
14	48
34	72
34	43
74	68
83	50
58	92
81	96
64	91
64	5
36	86
39	11
74	90
65	30
47	88
71	72
4	35
2	88
64	85
47	62
74	12
79	88
25	79
4	50
46	53
63	75
82	87
4	72
66	50
46	28
26	56
54	90
76	7
33	93
53	94
81	5
36	50
65	86
53	29
66	15
25	17
97	60
24	85
27	87
92	85
39	86
66	12
89	17
70	86
49	92
24	75
66	59
9	27
51	80
66	38
13	48
71	91
83	15
89	96
8	63
4	94
47	86
49	63
26	90
82	94
21	6
46	27
26	88
54	11
79	86
47	60
8	92
2	12
71	48
65	61
81	18
9	16
52	91
83	85
81	91
74	40
33	54
47	91
53	7
9	54
65	90
66	90
71	77
52	5
92	15
14	24
73	21
64	88
4	42
25	64
74	72
76	48
65	72
97	84
39	5
97	94
46	54
66	55
53	5
46	92
9	74
63	48
51	11
79	5
49	50
53	91
65	32
81	84
79	15
4	37
93	74
71	11
25	12
97	11
47	72
9	92
21	75
33	64
89	12
52	88
82	85
4	74
74	55
21	85
16	11
16	88
24	48
53	80
21	11
1	5
4	30
82	11
74	30
65	80
54	72
73	64
83	22
25	15
27	85
97	85
49	5
25	72
33	9
82	75
49	15
78	92
52	48
73	95
47	75
4	88
79	50
33	8
25	90
1	94
83	90
46	44
89	91
49	74
14	6
46	21
33	27
25	80
1	86
54	94
20	85
97	91
73	92
24	5
39	55
25	48
49	86
33	81
66	96
25	26
13	88
26	85
64	86
95	44
63	11
1	50
10	64
89	72
81	11
2	94
49	37
47	12
76	85
97	80
74	94
20	15
82	90
54	60
65	85
4	31
65	22
81	7
52	7
24	11
46	47
97	6
26	72
65	12
25	75
27	75
82	68
47	15
1	69
16	7
21	96
93	92
33	44
14	91
24	20
25	44
65	96
27	91
1	17
26	22
25	6
63	80
13	84
4	48
83	72
92	94
74	60
20	88
52	96
21	91
20	50
66	48
65	48
4	90
73	9
52	18
10	20
33	21
92	12
93	64
51	48
25	55
66	62
39	61
73	46
39	91
65	41
70	96
4	11
13	7
39	12
49	88
13	90
4	22
66	31
74	85
89	88
39	75
82	48
16	48
73	25
71	32
71	88
95	92
74	11
76	88
58	20
13	55
47	85
21	88
13	5
26	57
4	18
52	55
47	59
76	96
93	83
21	12
74	96
97	72
4	7
81	88
66	75
82	43
97	15
66	72
53	11
71	5
13	17
20	74
2	85
52	84
49	91
45	92
89	57
20	5
21	94
47	50
74	48
71	92
65	62
82	15
49	60
26	91
36	15
82	5
46	24
46	26
33	24
83	48
47	11
46	64
26	12
2	11
49	11
54	91
73	24
4	3
1	62
53	61
21	57
67	44
36	91
52	90
81	90
81	50
4	84
8	13
25	94
47	90
97	50
9	64
83	94
66	91
8	74
73	54
36	60
47	31
4	61
82	61
64	15
4	68
74	75
36	6
54	22
66	60
73	44
89	7
92	32
74	5
65	43
46	8
1	48
52	50
47	40
76	11
74	91
25	22
82	7
81	85
65	88
73	27
21	61
49	48
65	6
63	15
39	85
46	74
10	74
21	7
36	88
49	94
83	60
26	55
33	92
4	29
95	74
20	11
47	80
97	88
25	7
89	87
26	96
53	60
24	15
66	11
70	85
26	60
24	74
89	61
9	20
2	5
36	94
25	5
54	50
82	17
97	55
36	85
73	8
33	89
89	90
49	77
14	11
67	24
36	11
46	20
27	11
34	7
89	11
25	62
95	24
25	56
49	13
73	93
73	20
82	88
51	85
92	48
4	12
73	89
16	85
47	96
39	15
65	91
70	77
33	67
74	80
26	84
36	37
53	22
73	74
47	68
71	31
65	69
89	75
65	11
8	20
39	88
64	72
63	5
51	22
73	53
13	50
27	48
89	43
66	80
49	6
