55	50
15	14
29	52
1	39
24	28
15	42
54	15
4	30
35	39
55	14
47	50
29	42
47	41
24	43
55	19
24	22
6	41
47	14
53	55
29	11
13	22
55	43
37	16
29	41
37	52
17	11
29	22
35	38
6	21
35	41
37	30
17	42
1	37
47	11
1	14
54	13
1	19
24	36
6	39
15	36
37	43
4	14
1	41
13	41
55	22
1	50
24	24
29	39
1	32
6	7
29	34
53	29
15	28
13	28
15	39
53	47
55	39
37	39
29	28
1	21
37	36
53	3
15	43
6	11
17	36
53	15
13	52
47	51
6	34
24	11
54	53
15	19
53	2
13	19
35	50
37	21
1	4
13	37
6	16
15	22
35	14
47	52
55	41
6	30
29	27
29	21
37	11
35	42
53	10
6	52
13	39
55	28
6	43
1	36
55	11
37	14
53	31
13	42
6	28
55	36
53	13
17	14
1	28
4	52
24	52
53	37
37	50
55	7
15	52
29	14
6	22
6	36
1	43
55	52
1	22
15	16
1	1
29	50
55	30
37	28
35	36
35	22
1	11
35	43
29	19
53	17
47	22
53	1
4	41
24	41
53	6
1	55
37	22
35	28
13	36
35	52
24	39
47	28
53	24
29	43
17	4
24	42
6	42
54	1
1	24
13	38
4	22
1	16
35	30
47	36
37	41
6	14
54	6
13	11
13	43
29	16
1	52
4	28
6	50
53	33
53	35
29	36
1	15
13	55
37	42
6	19
53	9
24	14
35	11
17	28
13	14
24	19
15	11
37	34
15	41
24	50
15	50
13	24
13	50
47	30
53	46
47	42
37	19
