13	17
20	19
32	19
11	51
56	24
48	39
56	4
13	21
20	36
56	51
49	31
13	34
13	22
56	15
35	15
35	41
20	7
56	41
13	31
44	12
14	19
8	57
32	36
55	38
30	19
46	31
25	19
37	15
8	41
55	1
20	16
55	36
54	19
50	41
49	16
13	57
55	18
2	41
20	51
8	19
11	19
37	18
49	7
13	16
56	31
11	4
11	41
37	36
47	54
20	41
20	15
55	31
55	17
35	19
20	31
49	42
2	15
48	4
20	53
37	21
11	21
55	40
48	19
54	41
56	19
20	34
13	45
55	5
13	39
23	19
35	31
55	45
50	19
2	32
48	31
11	36
2	40
13	29
13	15
46	15
2	19
43	36
54	36
11	28
11	31
55	16
37	1
50	4
32	41
49	9
43	21
13	36
48	36
20	9
56	36
55	41
55	15
46	39
2	3
50	15
49	21
32	15
2	36
56	28
20	22
55	10
37	17
13	6
46	19
46	41
2	33
11	24
25	36
43	41
55	27
43	19
20	39
44	19
43	37
20	17
56	21
13	4
49	15
55	19
11	15
37	19
49	6
54	51
13	51
