16	28
14	10
8	23
5	23
19	23
2	24
12	23
15	24
11	10
20	32
16	23
9	28
29	32
18	28
13	1
20	23
25	23
33	24
17	24
27	32
2	1
18	32
6	24
33	32
15	28
13	28
33	23
22	28
6	23
30	23
29	28
5	24
26	24
30	10
3	32
11	32
2	28
25	10
3	24
5	28
27	23
9	24
20	24
13	23
18	24
15	32
9	23
4	10
27	10
21	7
4	23
26	1
16	10
12	24
22	24
19	32
12	32
9	7
6	28
30	28
2	32
26	32
19	28
33	10
2	23
14	24
4	24
30	32
11	28
4	32
20	28
25	32
16	24
3	28
3	1
8	24
5	32
8	32
21	32
22	32
14	32
17	32
30	24
25	28
25	24
16	32
9	32
29	10
33	28
14	28
6	32
3	23
29	23
4	28
11	24
27	24
19	24
17	28
17	23
13	32
30	7
13	24
21	24
5	1
29	24
26	28
