93	52
40	96
13	83
49	80
93	80
49	51
71	51
88	51
31	62
87	42
79	60
79	14
2	50
27	99
93	77
104	83
55	14
27	101
64	35
64	80
55	77
73	7
71	36
57	16
20	19
92	22
20	77
58	35
85	36
2	37
58	24
71	45
21	84
102	74
72	41
31	45
21	99
28	51
68	14
5	84
85	51
76	58
48	83
76	71
48	66
40	80
21	95
1	37
32	80
92	6
100	35
1	14
57	61
90	14
73	65
87	108
12	25
27	84
21	35
56	100
85	6
93	24
88	96
31	24
20	78
28	66
79	36
28	84
100	65
102	49
56	79
102	28
40	75
21	108
49	16
72	46
64	107
20	51
76	70
82	6
58	101
100	16
71	96
64	96
102	64
56	58
28	43
71	78
68	99
49	75
100	26
38	19
64	31
73	16
74	69
58	65
20	27
40	35
72	61
106	28
48	75
39	80
48	107
44	20
28	26
29	83
40	62
39	46
44	24
44	62
28	14
40	52
64	3
58	94
48	14
5	6
103	84
82	108
93	46
103	14
87	96
100	96
56	25
85	62
88	78
68	7
79	8
73	99
74	104
40	24
102	32
70	14
39	63
85	16
55	3
71	61
102	93
73	24
40	101
102	106
72	52
23	108
90	26
2	14
85	24
100	51
55	35
44	14
85	65
104	53
69	3
100	80
92	36
69	108
39	43
93	98
76	69
72	3
44	95
69	99
88	35
20	14
29	69
92	63
76	9
93	35
79	77
27	107
18	89
53	20
28	7
87	60
44	41
57	14
21	78
38	42
104	72
12	70
64	82
73	84
103	51
17	104
100	78
87	6
102	25
93	3
73	34
68	84
12	38
23	51
40	16
10	27
31	52
90	101
25	47
58	75
105	104
72	16
1	16
38	14
64	36
31	19
40	26
20	22
72	66
56	106
28	22
88	94
29	23
87	77
28	60
64	62
38	80
93	22
100	63
28	19
40	107
104	28
2	99
58	108
73	96
39	97
64	63
5	16
69	101
39	51
32	3
39	61
87	101
28	41
1	99
71	6
5	26
39	75
58	63
58	40
18	87
74	83
64	46
28	77
64	108
100	3
27	15
73	77
102	104
93	65
85	107
102	79
27	6
32	19
44	28
73	107
20	80
23	84
104	58
82	51
93	16
88	84
39	14
17	58
88	67
72	80
69	84
27	66
55	84
58	16
76	91
31	8
102	20
2	66
44	80
32	108
87	26
87	41
70	16
104	29
10	9
18	25
20	63
74	105
21	22
73	26
73	78
21	62
20	35
68	80
13	70
69	43
90	24
85	26
71	8
69	65
64	52
30	83
72	108
100	50
100	75
9	83
1	77
85	75
90	3
20	108
82	101
39	62
90	8
39	37
69	16
21	8
90	59
17	93
88	6
103	99
32	101
64	77
28	80
64	65
49	35
13	25
55	75
31	6
18	68
29	28
58	6
49	24
79	35
11	69
17	106
100	66
85	99
64	16
71	22
21	80
102	70
72	45
56	91
69	19
93	8
76	5
76	103
5	80
17	54
79	52
72	101
103	108
31	80
82	14
82	35
23	14
32	84
72	14
55	22
48	51
38	16
64	34
73	15
73	61
48	77
20	24
31	78
81	73
27	7
28	24
39	78
90	63
72	26
100	14
73	35
39	36
49	99
1	80
32	14
64	60
29	30
92	24
87	3
58	99
39	7
85	77
56	69
79	45
102	68
76	74
100	99
48	84
28	47
39	16
58	78
10	83
70	19
71	77
91	69
13	29
72	78
92	15
64	14
73	75
93	63
55	80
2	19
39	84
58	19
79	24
69	62
17	85
73	45
88	23
39	60
93	14
90	45
76	83
5	19
44	6
72	51
90	95
100	108
76	33
88	7
93	101
31	61
21	16
71	52
85	7
81	58
31	65
87	43
100	24
79	63
79	15
23	6
64	101
18	23
17	74
87	22
90	77
73	28
70	60
87	63
90	22
70	26
58	23
5	14
81	79
10	18
5	108
27	77
100	77
56	28
1	75
39	24
40	37
69	14
100	107
39	66
102	29
88	75
28	94
48	52
93	41
40	95
27	24
48	96
57	80
48	78
31	75
48	108
68	42
92	19
17	28
88	97
49	26
28	65
73	80
70	84
39	3
88	41
20	101
10	58
71	3
39	8
76	100
44	26
20	15
44	45
103	96
28	42
1	94
23	16
40	22
31	84
79	78
64	22
73	63
20	26
104	23
88	65
88	22
57	19
17	23
90	61
40	14
55	28
25	80
10	33
69	51
93	26
92	99
79	95
74	103
1	65
32	16
32	65
58	7
73	108
106	69
28	16
103	6
58	97
81	93
27	8
70	94
64	94
87	51
28	45
38	99
20	16
44	107
100	28
58	14
25	26
72	84
64	7
74	87
85	15
17	31
74	20
38	108
88	99
73	23
70	65
21	65
105	69
73	3
54	9
38	61
68	65
10	64
100	52
27	52
88	63
64	51
73	103
72	99
48	34
58	22
31	99
88	80
100	19
27	62
39	22
20	8
93	99
73	52
93	51
93	103
44	96
32	43
92	52
21	14
72	6
31	63
55	63
87	45
92	77
85	66
44	35
10	28
87	99
74	29
93	36
79	3
21	26
70	62
92	80
57	15
55	24
31	108
10	31
27	75
54	14
87	94
17	2
58	67
100	101
48	19
68	101
85	52
90	51
18	83
88	77
32	99
31	34
105	83
93	43
68	24
23	19
105	105
100	34
27	26
48	3
28	35
85	3
25	6
31	77
104	32
93	7
64	6
1	6
39	28
57	6
103	65
85	84
39	35
64	61
20	45
5	60
56	23
88	43
21	51
68	77
73	97
76	18
88	107
102	39
39	52
71	95
55	52
64	99
103	94
44	19
40	99
1	96
87	84
39	19
87	35
92	51
70	6
48	24
58	41
40	34
85	80
72	60
72	75
81	27
27	14
93	4
92	101
85	108
40	63
1	84
68	60
68	52
85	78
40	51
31	35
17	82
48	36
48	101
76	29
28	6
32	51
58	84
104	93
90	96
25	99
103	52
100	95
88	16
49	95
48	103
93	84
44	101
44	8
85	8
103	26
31	66
31	15
5	94
17	33
71	59
31	16
73	25
28	96
87	14
87	66
85	101
10	29
76	12
20	75
81	30
1	52
44	77
64	84
92	26
73	101
90	6
82	63
48	50
87	19
103	75
71	14
92	37
76	64
87	65
44	52
28	3
68	82
102	83
76	48
49	63
57	108
68	96
48	62
44	60
28	101
87	47
58	51
103	37
31	3
93	78
71	15
102	100
48	26
23	77
21	24
88	62
2	6
27	80
70	108
20	7
102	54
102	18
71	26
30	20
55	26
29	103
64	78
55	96
93	19
76	13
64	37
76	28
68	6
20	99
100	103
12	58
102	69
28	52
68	107
49	101
90	78
31	51
48	65
48	99
28	108
105	103
100	36
100	22
38	15
18	103
18	28
73	60
72	65
55	6
88	24
18	38
76	23
68	8
23	63
87	16
31	101
29	87
70	80
5	62
102	44
76	104
12	83
73	8
39	99
20	52
88	101
103	80
20	37
23	99
28	99
87	52
55	8
58	77
2	60
64	26
58	62
58	43
40	36
44	51
87	7
64	28
92	14
20	65
27	16
104	69
64	15
1	108
48	22
93	62
79	101
17	49
10	79
27	3
72	96
93	15
88	108
100	62
39	65
79	43
73	51
27	36
44	99
88	14
1	26
48	69
92	78
104	103
54	63
79	16
93	75
39	77
31	14
12	69
64	19
105	20
20	34
88	26
87	24
93	6
90	15
32	62
64	75
102	23
49	94
58	26
31	95
76	20
56	29
48	63
103	77
92	35
57	99
93	95
81	54
56	9
102	9
100	84
30	53
90	52
92	46
27	65
79	65
88	60
102	17
25	35
17	72
76	25
58	20
25	14
105	29
92	84
85	63
44	7
71	24
100	8
73	36
73	37
64	66
20	46
5	65
102	58
88	40
9	20
10	44
49	14
55	78
105	87
48	28
58	107
100	83
17	53
79	51
48	6
55	51
49	62
76	44
48	8
27	22
73	14
73	62
82	24
29	72
2	108
40	3
40	108
73	6
28	63
88	20
27	78
64	42
68	51
20	84
48	35
39	101
56	49
58	96
48	16
76	106
100	6
49	108
103	16
69	80
64	8
93	59
31	60
70	51
88	19
48	80
92	107
87	80
39	15
72	35
44	84
58	60
38	6
53	83
85	14
2	101
71	63
90	36
27	108
102	91
73	22
93	60
64	24
40	67
100	69
1	51
85	22
5	51
27	51
55	37
48	95
82	60
57	42
71	101
17	39
58	80
27	63
23	101
55	101
49	6
