21	18
15	3
15	33
17	11
17	9
21	33
16	18
17	23
16	22
16	9
31	8
1	25
16	33
28	33
21	30
21	22
28	23
28	18
1	14
1	19
21	8
28	20
17	29
21	13
31	30
1	13
21	9
16	14
31	6
1	2
21	19
16	5
21	14
28	11
28	9
15	9
16	6
17	3
15	19
31	22
28	8
31	4
17	13
16	7
21	6
17	2
31	14
15	22
21	7
31	2
1	6
31	9
31	33
28	5
17	19
15	2
15	29
21	5
17	7
28	4
1	22
28	10
16	3
21	2
17	6
15	5
28	7
15	18
31	23
16	29
21	3
17	5
1	8
28	6
31	7
1	3
31	13
21	32
15	23
17	22
16	23
15	7
31	19
17	33
21	23
28	22
31	5
1	5
31	32
28	19
21	29
28	3
15	8
1	23
21	12
28	2
31	3
1	7
21	24
