15	14
28	16
34	43
17	11
36	22
9	33
10	22
15	43
36	38
10	33
10	19
6	41
53	38
28	33
52	48
13	22
15	33
28	51
6	33
9	43
53	11
6	51
48	51
34	14
53	42
25	19
52	46
52	34
9	38
36	50
9	22
34	22
10	38
36	19
17	51
52	53
9	11
52	6
28	11
28	43
15	19
48	38
9	35
9	27
6	11
10	29
34	41
28	27
48	22
10	27
25	41
23	14
9	29
9	7
17	35
34	51
15	22
9	16
34	38
10	14
52	17
17	43
9	51
34	33
4	51
6	43
52	1
28	38
15	49
25	38
28	35
36	41
15	35
10	41
34	19
6	27
6	35
9	19
36	33
52	2
10	11
36	51
25	7
17	19
25	35
25	14
15	38
17	7
6	22
53	19
34	7
52	36
17	50
34	29
25	50
53	50
15	51
13	27
13	51
25	11
13	49
53	14
36	35
34	11
17	12
52	15
36	11
25	12
17	22
23	51
10	35
9	41
34	50
9	50
15	7
6	42
34	35
13	35
48	35
15	50
6	14
17	33
10	51
52	30
28	22
17	27
13	11
9	42
6	50
17	41
53	33
28	19
36	7
25	27
36	29
34	27
53	35
6	19
53	22
6	38
53	41
52	23
6	9
15	11
53	51
28	41
52	9
25	51
36	27
15	41
9	21
17	38
25	33
15	27
53	27
17	6
48	41
