33	8
25	9
5	2
1	20
15	3
25	20
33	18
5	23
26	9
14	6
18	22
25	13
5	20
14	21
31	1
31	8
17	21
26	8
26	19
5	3
18	2
26	20
33	29
15	21
26	7
18	3
24	4
1	9
25	26
1	19
18	32
25	19
31	24
6	29
15	10
10	4
1	32
25	29
6	7
1	13
33	32
15	28
31	6
1	2
6	23
5	7
31	21
25	30
1	21
15	17
26	3
5	30
25	3
10	21
15	6
33	19
18	21
15	19
18	7
5	13
31	4
26	32
25	22
5	21
26	21
6	16
12	21
15	32
15	22
6	30
6	3
26	22
25	6
12	4
6	28
15	13
1	28
25	7
15	2
15	29
18	30
33	3
14	24
6	22
18	16
1	22
15	16
26	2
33	2
25	32
18	20
5	19
15	26
15	5
33	21
18	8
25	5
6	21
15	18
18	13
25	21
25	2
5	32
5	22
18	9
1	3
18	23
15	23
33	26
18	19
17	4
24	21
15	7
27	21
26	23
18	29
33	7
14	3
26	13
1	29
5	29
1	30
33	13
33	30
6	19
25	15
15	1
5	16
25	18
6	9
1	23
6	2
26	30
6	13
1	7
26	29
25	16
33	22
14	26
26	28
