68	47
14	47
46	13
28	16
54	27
42	63
56	27
46	47
28	30
15	26
15	30
21	27
33	27
3	27
54	60
34	17
42	60
40	27
50	47
45	17
61	3
3	36
69	2
20	27
61	54
45	47
40	17
33	47
5	44
45	4
5	62
24	27
42	32
50	27
20	20
33	55
21	13
37	27
69	57
36	70
36	26
1	32
18	55
45	32
28	17
33	32
45	6
20	51
44	27
21	19
64	1
36	6
49	24
43	27
1	38
45	38
49	42
9	27
61	12
3	32
36	47
28	27
28	55
48	47
36	39
61	47
1	47
69	29
68	27
45	35
24	55
40	30
46	27
69	38
15	32
49	48
45	27
61	5
48	27
33	63
61	27
59	27
21	7
51	27
5	36
20	62
28	35
20	21
18	27
43	17
20	37
40	41
15	13
15	47
42	11
15	52
36	16
15	38
49	46
44	47
36	30
3	67
66	27
22	47
61	68
36	52
66	30
21	52
21	25
14	27
24	4
1	27
36	58
42	27
1	8
43	47
42	55
61	18
15	23
28	53
45	26
61	9
15	7
36	55
69	32
21	55
64	36
42	30
21	58
42	47
66	47
3	63
24	47
69	55
42	4
21	47
44	17
42	10
45	30
34	27
36	17
12	62
15	8
40	47
40	13
31	27
69	47
28	13
36	27
28	38
15	27
34	47
40	38
5	1
