52	67
59	57
3	29
55	82
78	33
77	31
58	30
19	11
58	29
49	30
59	67
43	67
78	68
5	30
15	82
69	39
23	30
18	82
66	57
51	54
69	18
15	30
61	54
59	47
17	55
74	48
31	82
28	29
23	29
39	30
78	34
49	67
36	76
44	65
78	29
22	82
69	73
61	67
31	67
52	41
77	49
69	49
75	67
36	67
71	67
55	13
15	21
70	30
19	30
15	8
12	30
49	1
69	4
66	30
70	29
36	57
2	30
49	32
78	47
60	30
15	54
10	8
69	17
2	1
69	61
72	62
72	67
51	29
70	65
22	67
72	30
71	30
61	50
61	1
6	29
52	34
43	30
5	67
55	68
31	30
43	29
69	75
73	13
61	11
2	50
78	13
19	54
81	44
78	82
15	68
52	68
52	21
70	68
70	8
61	21
18	11
78	65
52	42
62	30
49	29
66	34
36	21
58	68
4	29
10	21
61	68
61	7
22	21
69	19
69	5
23	27
52	50
55	29
22	56
49	82
78	35
23	68
62	29
60	67
28	68
44	9
14	67
23	1
2	29
16	30
10	30
19	21
12	21
40	30
75	29
19	1
43	8
36	82
19	67
6	30
3	21
23	50
78	46
59	50
44	68
22	8
48	67
63	29
19	76
44	11
31	13
52	29
58	47
19	82
19	26
14	30
44	50
36	41
12	8
14	29
52	57
51	68
28	21
15	67
44	79
77	80
59	82
15	13
28	67
2	25
70	82
16	67
59	30
69	44
10	68
58	21
52	13
73	68
69	3
55	67
61	82
58	82
15	29
78	76
18	30
3	54
52	54
73	21
44	24
58	13
44	47
3	67
49	27
70	21
19	13
69	59
69	78
59	21
55	30
61	30
49	68
64	67
70	13
73	11
18	57
61	57
78	67
51	67
75	30
18	8
23	54
73	50
44	21
59	54
73	27
66	67
31	57
23	21
3	68
49	50
43	21
44	82
78	50
31	54
78	8
58	67
3	30
63	30
44	54
36	45
19	8
22	20
19	68
52	30
31	29
51	37
59	53
73	30
70	54
69	62
49	21
59	68
2	67
49	13
66	82
62	67
18	29
73	67
2	54
36	68
44	57
69	14
70	67
22	65
69	80
22	30
72	22
69	40
22	68
73	26
4	30
43	32
69	72
78	57
44	13
5	29
58	54
69	77
78	21
19	29
77	48
48	30
69	22
22	26
73	54
51	30
36	54
15	65
78	30
49	8
23	67
61	13
12	68
66	29
77	78
78	54
44	1
69	52
18	54
81	48
2	21
69	58
52	33
