20	19
15	14
52	24
28	16
28	42
20	40
36	22
15	42
53	52
34	21
36	49
34	42
46	38
36	38
52	17
1	54
10	19
52	18
36	16
28	33
13	22
15	21
28	51
6	33
20	35
17	11
34	19
52	1
6	51
17	42
34	14
10	39
1	14
1	19
36	14
4	14
20	38
10	22
1	50
52	34
20	16
36	50
34	38
20	51
36	19
17	51
1	42
28	11
1	38
52	8
36	21
52	45
10	33
6	11
20	27
46	22
17	40
54	7
34	41
28	27
36	39
15	19
53	15
28	49
46	11
28	14
6	40
23	14
46	49
17	35
34	51
46	35
46	27
52	3
15	22
10	42
54	41
28	50
10	14
20	42
4	51
1	36
28	38
52	23
54	27
15	49
10	27
28	35
20	21
36	41
15	35
1	6
10	41
28	21
6	27
6	35
36	33
52	2
10	11
53	13
54	22
6	49
17	14
20	11
46	40
36	51
1	31
46	51
46	33
15	38
52	54
52	20
6	22
15	11
53	6
1	22
15	16
1	1
54	35
28	40
20	14
15	40
52	10
46	54
1	11
13	27
13	51
34	40
1	49
53	1
13	49
36	35
46	7
1	27
36	27
34	11
1	43
52	15
54	14
36	11
54	42
54	40
17	22
23	51
52	36
13	38
34	16
1	35
34	35
1	16
17	38
54	11
6	14
20	22
10	51
52	30
36	40
10	40
28	22
52	46
17	27
13	11
46	19
10	16
1	29
46	41
28	19
20	49
10	38
36	29
1	15
34	27
6	19
6	38
34	49
1	40
46	14
1	23
1	51
28	41
52	9
23	41
46	42
36	42
15	41
10	35
1	10
34	22
15	51
15	27
10	49
54	51
54	49
