69	94
79	100
102	23
52	24
52	84
71	100
7	15
29	94
77	63
21	94
71	4
79	53
83	14
7	89
58	24
10	94
46	100
71	72
38	73
77	60
102	3
79	6
69	43
76	68
77	50
77	3
66	50
77	13
83	42
58	89
69	100
77	101
37	15
25	94
77	2
7	3
20	94
66	91
48	94
80	100
29	100
56	94
29	17
82	40
83	24
99	94
54	100
8	94
71	101
69	63
56	100
54	60
77	4
102	13
27	100
7	4
58	104
7	64
93	100
29	60
27	94
58	94
71	12
48	49
77	18
71	59
71	65
44	100
52	89
38	100
48	3
98	24
46	24
78	100
71	75
8	100
56	81
38	94
29	4
82	94
29	91
77	94
20	50
38	24
71	18
35	100
58	100
7	94
37	100
10	73
20	100
71	3
66	23
99	100
102	94
8	96
93	24
7	100
35	49
29	16
25	100
8	24
21	100
79	15
82	24
56	63
77	16
7	92
76	94
102	100
83	36
48	103
71	13
66	94
54	68
66	31
38	14
66	103
48	16
77	15
10	100
80	24
35	16
7	63
66	75
61	100
37	94
48	100
77	75
52	100
76	87
66	100
82	100
71	63
83	43
7	32
77	100
71	94
38	96
35	23
102	15
83	100
71	15
52	94
80	36
76	100
77	88
71	97
