76	17
76	51
8	51
58	69
70	11
55	14
70	63
29	78
73	7
66	71
58	24
50	29
76	71
42	63
76	6
77	3
62	69
66	17
62	63
62	31
12	41
29	34
74	44
8	60
59	60
62	60
37	12
29	26
67	78
46	11
77	70
33	16
23	8
27	12
58	1
29	40
53	79
8	69
16	60
16	57
58	47
70	14
66	28
55	11
2	7
61	33
58	21
46	51
27	65
27	46
77	68
3	6
73	6
4	24
12	11
56	78
56	54
2	9
29	6
56	69
12	24
74	78
39	78
50	49
4	9
77	42
67	6
37	3
53	34
56	14
62	9
23	20
4	60
39	34
23	46
56	22
16	38
53	60
52	8
4	6
53	41
76	69
73	59
76	19
42	69
42	17
77	66
42	78
16	78
70	69
62	6
4	69
8	45
62	38
56	30
3	69
10	60
61	2
67	57
50	12
42	43
59	69
42	60
42	71
77	46
67	71
3	60
53	11
2	30
76	21
16	34
27	67
76	38
77	23
58	11
50	75
3	11
12	13
53	31
3	9
23	74
67	24
3	78
23	65
49	24
73	38
62	34
4	79
8	34
16	6
77	76
42	51
29	60
27	23
37	67
73	15
12	21
56	60
3	71
53	1
72	71
76	43
29	30
10	41
46	40
58	78
2	63
10	1
4	38
70	38
72	78
16	44
49	28
8	21
39	5
76	60
8	38
3	57
50	10
58	14
76	79
3	1
62	78
23	33
66	24
73	28
70	60
53	17
58	34
67	34
77	29
46	9
16	11
59	6
12	15
77	75
62	51
56	11
70	34
74	6
23	67
29	69
62	7
77	20
23	2
67	40
50	23
61	59
23	16
72	34
35	34
73	17
77	61
39	40
66	6
16	41
72	24
2	14
37	20
37	46
27	8
75	16
27	32
12	28
46	28
39	24
56	34
55	1
42	38
10	78
61	32
46	6
3	24
76	14
4	25
72	6
66	34
61	12
2	51
49	78
35	6
56	1
12	34
46	71
55	24
8	28
2	34
74	57
8	6
77	16
29	63
77	53
67	9
61	74
70	78
3	34
77	12
4	48
10	11
62	30
59	24
42	34
74	60
49	17
12	5
53	40
10	44
29	5
12	6
73	19
70	6
10	34
67	64
77	65
42	79
72	60
46	69
55	9
77	32
59	36
8	24
2	38
42	19
76	63
4	11
8	14
76	30
55	60
39	60
4	34
73	79
74	11
73	78
55	34
42	45
35	5
67	1
56	79
8	78
58	51
2	6
42	6
12	71
12	45
56	24
4	78
39	6
74	34
49	60
61	67
72	17
49	71
27	20
67	69
46	36
55	6
10	6
74	1
62	14
59	40
12	78
23	59
74	41
4	14
8	13
23	12
2	60
50	59
37	8
55	78
12	60
67	60
72	28
73	34
59	34
3	40
66	60
8	1
50	67
76	78
2	69
67	11
74	38
73	60
23	32
77	10
12	69
50	8
56	38
2	31
27	76
56	47
16	1
58	6
12	14
55	69
61	16
66	78
29	14
8	5
61	20
12	43
76	45
53	45
61	46
68	20
61	65
37	59
61	8
73	14
46	34
2	78
73	30
42	21
42	30
27	16
12	51
8	11
50	16
59	9
58	79
10	38
73	69
58	60
35	11
73	11
46	14
3	64
42	14
49	34
29	38
50	65
10	57
49	6
76	34
