27	34
12	39
43	39
58	30
32	19
43	34
1	39
48	39
35	34
45	59
35	39
53	32
37	13
57	16
20	19
12	19
41	48
46	19
25	57
43	54
42	19
12	52
33	39
12	30
53	48
35	54
28	39
22	19
47	34
32	39
43	38
27	19
58	52
53	52
28	19
43	24
43	30
48	54
1	19
29	39
48	13
15	39
35	13
51	32
55	39
51	13
58	31
37	36
45	51
53	3
47	18
43	16
3	32
43	5
35	19
45	43
27	13
57	19
58	36
27	54
53	54
15	59
48	19
56	19
20	34
48	44
45	27
12	17
51	19
46	52
1	17
58	59
35	31
48	17
56	13
55	11
53	43
35	17
43	17
9	19
43	31
49	39
35	21
32	34
47	13
43	8
28	59
53	19
27	39
43	36
47	5
47	19
43	60
58	7
51	39
29	19
28	54
58	19
53	45
55	54
15	18
58	14
57	31
28	31
49	19
12	8
43	13
46	39
56	39
57	17
57	34
58	34
35	52
53	39
37	54
35	60
35	30
47	36
56	14
47	39
47	17
35	16
47	54
47	30
28	44
58	39
57	50
57	54
57	26
42	4
58	54
47	10
37	39
6	19
53	41
43	19
35	5
28	13
20	2
33	13
57	39
58	40
55	19
9	39
57	13
37	19
