40	44
43	15
22	45
19	45
9	59
41	23
62	47
13	81
53	32
4	82
41	81
40	14
52	45
16	81
74	15
22	5
71	45
62	55
4	75
62	64
43	45
18	81
56	45
4	81
43	83
62	14
53	11
33	81
62	80
22	72
22	1
71	81
66	45
50	55
13	63
9	75
61	11
71	14
33	23
16	45
9	11
40	45
62	34
29	8
20	15
57	51
20	81
87	45
42	75
89	45
29	45
22	59
30	59
30	45
57	8
57	70
43	55
41	35
52	14
62	45
40	81
50	8
50	14
71	59
40	55
57	47
50	45
20	55
40	2
43	81
18	79
56	81
57	6
9	45
20	45
57	55
42	11
29	49
50	63
66	11
30	32
30	11
4	32
50	47
27	81
27	14
18	73
40	63
4	67
40	51
18	45
20	83
62	78
4	11
40	15
33	45
61	45
21	75
22	28
40	54
50	44
33	35
41	45
13	85
62	81
62	15
71	32
66	75
9	81
84	81
62	51
71	76
57	48
27	45
50	81
84	45
22	26
42	45
4	45
84	23
4	63
52	81
29	51
84	35
66	81
74	45
