63	47
21	17
44	83
16	8
58	69
58	52
79	60
79	14
16	76
63	6
31	12
23	70
73	29
35	86
73	7
63	17
21	76
16	22
23	29
20	77
73	86
20	30
63	50
63	70
21	84
16	12
21	59
44	56
75	28
16	83
48	83
35	29
87	75
21	28
23	66
35	8
73	81
23	40
79	93
48	86
3	83
21	50
79	49
16	50
58	74
58	8
35	25
48	70
3	32
44	43
73	71
35	69
23	49
48	37
73	41
48	14
79	40
3	93
16	60
16	57
79	8
44	86
58	47
58	59
73	4
35	81
3	22
63	12
58	38
35	56
35	76
35	26
16	36
79	7
16	15
44	53
3	54
58	13
73	6
20	14
87	44
58	50
16	74
63	37
23	76
21	25
11	12
3	25
21	38
35	14
58	37
79	33
23	88
20	43
63	52
3	86
21	86
44	54
79	54
44	41
82	12
63	28
79	69
35	30
3	37
21	37
63	69
16	38
21	56
20	53
79	2
73	59
35	45
58	76
3	74
16	78
73	77
3	69
16	28
44	60
79	26
21	41
73	47
16	59
79	17
21	22
44	77
35	83
21	62
63	14
46	18
63	8
35	54
79	88
44	12
63	55
75	43
16	17
21	8
44	93
79	59
48	54
87	46
44	36
23	74
48	42
23	7
16	26
79	28
63	62
73	38
20	41
23	43
21	80
16	6
87	68
23	93
63	93
23	14
21	6
48	77
3	6
3	71
16	43
79	86
79	36
21	54
48	32
73	42
58	88
16	86
35	47
16	67
16	54
58	78
73	12
3	76
44	70
87	1
3	41
35	59
44	17
21	43
35	12
44	6
87	92
73	50
58	14
35	28
16	71
23	6
73	28
35	85
87	63
44	69
20	70
89	12
63	57
20	59
16	88
63	41
79	57
87	48
58	54
44	30
75	53
21	29
21	69
79	37
19	12
20	47
21	53
21	93
44	26
79	50
21	18
75	54
48	71
16	41
35	37
20	85
5	12
79	47
35	38
35	41
16	56
44	85
3	38
79	12
44	72
20	38
87	20
21	70
79	22
3	43
16	4
35	77
58	22
63	76
58	83
16	14
87	90
87	58
58	12
75	70
21	14
3	14
48	57
48	8
63	36
79	74
35	6
87	61
48	47
16	25
23	28
18	12
35	50
79	30
63	71
16	30
16	7
23	50
79	55
44	8
20	12
63	29
44	32
23	38
75	47
63	66
48	28
79	83
23	47
20	50
44	47
48	59
16	51
44	88
20	28
16	47
73	70
3	28
16	29
20	83
48	36
79	41
44	59
3	52
75	14
35	43
63	25
35	7
16	72
84	12
44	74
44	28
73	26
35	55
35	71
21	47
63	54
63	74
16	37
21	88
44	52
73	54
75	72
21	12
3	12
20	17
63	22
79	67
44	37
79	76
20	69
48	41
20	74
58	30
73	85
35	62
58	29
63	53
87	10
79	53
35	70
44	42
23	37
58	70
35	33
73	60
48	74
63	86
79	6
73	32
21	57
44	66
20	86
73	8
23	59
23	12
58	62
58	43
63	38
87	35
44	71
73	76
87	23
23	83
48	38
58	86
79	43
75	12
58	17
63	43
48	69
79	62
44	38
16	70
23	32
44	76
21	61
63	15
21	74
3	47
35	53
21	7
58	26
63	56
63	72
44	25
44	50
3	59
75	74
58	6
48	60
48	53
48	12
87	73
79	70
63	83
48	43
44	7
79	29
73	37
73	83
21	83
48	88
35	49
16	69
20	6
73	62
48	76
46	20
3	70
21	32
16	42
44	22
44	4
44	64
3	88
73	43
73	93
20	54
75	83
48	56
16	85
35	40
16	66
87	80
44	84
73	69
73	22
73	74
21	66
35	22
87	21
79	25
79	38
21	42
63	59
58	41
58	28
