22	45
79	32
75	49
64	32
10	32
10	83
30	49
73	72
16	9
69	49
30	80
78	29
5	4
67	49
77	49
10	9
77	14
56	45
10	43
64	46
22	4
69	43
48	26
23	45
30	37
22	14
5	37
22	19
50	53
57	45
22	72
35	80
69	46
6	29
54	83
54	37
30	29
28	80
57	43
11	37
33	32
36	19
5	14
16	45
79	49
11	80
10	72
69	45
22	46
44	49
23	43
77	26
78	43
61	37
69	19
10	53
33	43
30	45
16	80
33	53
40	29
71	53
23	14
52	14
77	2
39	49
48	19
56	19
33	72
60	32
22	26
68	29
54	43
22	80
11	26
48	3
78	49
77	46
16	49
79	45
77	80
33	49
79	83
5	53
33	83
18	43
30	31
10	37
78	47
69	3
33	19
33	31
16	2
33	3
48	43
36	83
70	37
57	32
64	4
33	4
81	49
33	2
52	49
5	2
41	2
38	53
74	46
22	49
78	32
54	32
50	49
30	72
56	43
22	32
85	46
33	26
48	45
71	37
33	45
78	14
81	37
17	4
58	2
78	37
66	3
78	26
73	3
69	72
65	37
33	14
22	2
56	49
11	49
56	46
22	31
81	29
69	80
56	80
33	46
22	43
52	32
48	31
23	46
33	80
10	26
78	46
28	37
44	2
78	80
8	80
15	37
76	37
79	2
73	80
33	9
55	37
5	26
44	37
48	72
40	37
73	49
10	49
16	46
40	19
66	72
54	49
