63	47
51	10
15	14
44	48
55	64
59	47
4	30
17	37
25	30
55	14
15	24
25	13
3	27
40	1
28	29
38	44
23	29
51	2
25	58
54	30
2	37
50	47
52	48
51	49
50	29
2	48
45	47
33	47
26	7
38	42
11	46
61	12
1	37
61	14
62	50
5	37
1	14
25	37
33	37
2	1
3	35
36	14
31	29
21	35
6	24
17	29
40	12
31	24
17	61
9	44
54	37
62	31
17	47
22	48
62	28
38	52
9	22
18	55
33	11
26	64
36	48
59	7
23	30
5	14
17	51
9	11
54	48
56	58
9	61
31	12
17	10
9	58
62	59
5	30
5	24
38	19
62	60
40	35
51	57
21	27
32	46
62	10
23	27
38	26
3	7
55	29
33	48
45	64
52	47
62	23
59	37
9	29
40	29
9	7
9	30
62	45
42	7
59	11
9	16
60	47
38	57
50	14
51	15
2	64
42	12
31	64
26	1
38	36
17	30
18	33
55	11
22	24
38	39
4	47
21	64
9	19
63	12
2	7
38	60
38	49
43	64
59	30
55	35
44	14
26	35
15	47
51	24
2	23
31	27
27	46
51	31
51	12
4	24
63	23
31	14
17	39
17	6
57	64
25	11
28	7
63	19
57	14
1	58
59	48
18	13
28	24
6	27
2	35
12	46
17	5
60	30
9	25
43	47
31	7
49	48
31	47
42	24
17	56
37	46
40	48
25	47
1	35
62	56
5	35
33	35
3	37
36	12
51	50
33	7
21	37
41	11
62	15
52	46
17	27
60	24
5	47
9	42
62	33
5	61
36	24
2	12
60	48
59	27
21	48
51	28
28	58
23	58
10	47
57	24
40	47
52	58
9	63
57	7
17	16
2	61
10	35
50	58
40	37
51	59
57	47
22	7
60	37
40	19
62	6
3	29
62	38
56	30
17	48
62	21
54	27
59	35
60	7
9	36
62	47
2	24
17	58
23	24
9	18
44	58
50	12
51	36
9	1
28	48
41	48
63	24
52	35
39	61
4	35
23	35
33	29
18	25
52	27
44	29
26	13
57	58
63	14
45	24
23	14
5	55
3	46
44	12
2	30
63	55
51	26
17	41
56	48
52	64
61	7
54	58
3	11
6	64
41	27
6	7
63	35
56	12
62	1
34	46
23	7
41	14
57	12
48	46
14	46
45	30
43	48
54	29
55	27
17	62
49	24
9	49
43	27
42	29
28	47
5	64
56	27
45	7
18	6
9	27
18	56
6	11
36	47
51	38
50	30
17	54
57	48
61	47
1	47
17	13
40	24
62	54
2	55
38	16
10	24
10	30
40	30
51	52
6	29
62	13
6	30
17	25
38	25
9	40
57	35
62	25
17	43
51	44
40	55
41	29
9	13
49	12
9	33
62	42
59	14
59	23
9	15
38	54
24	46
51	18
17	14
42	35
9	54
10	37
42	11
45	12
43	1
2	58
38	33
38	22
44	24
15	64
42	27
36	30
2	19
22	47
62	27
22	29
55	30
61	30
63	58
62	49
5	19
23	11
22	58
63	48
51	11
1	27
22	12
28	12
4	27
25	64
10	48
4	37
45	29
63	30
18	23
23	64
57	29
25	12
26	19
29	46
49	27
26	30
39	54
38	45
33	64
3	48
15	7
61	37
49	30
41	58
45	37
6	14
21	58
33	58
3	58
42	48
33	46
15	12
41	47
51	6
49	64
17	18
42	37
44	30
21	24
10	29
33	30
28	37
21	29
56	11
15	37
62	18
6	37
17	28
28	64
40	13
63	64
17	60
21	14
9	47
51	21
62	36
62	7
17	46
36	27
51	43
44	1
9	21
18	54
10	58
9	38
9	6
17	52
53	46
5	1
60	58
59	58
40	23
9	60
17	11
61	64
9	59
5	23
38	18
26	27
17	9
28	30
57	30
36	64
10	14
51	54
15	30
22	35
62	11
33	27
17	23
52	12
40	14
26	24
57	37
2	14
59	29
62	22
9	28
60	35
26	14
9	31
50	24
62	44
5	12
39	55
31	48
38	56
42	58
25	48
9	56
22	14
40	7
56	24
56	14
45	14
38	31
17	31
22	27
25	19
28	27
63	11
40	64
38	61
10	64
43	30
43	7
31	30
43	29
49	37
51	23
51	61
21	12
50	64
49	58
42	47
51	7
59	56
31	37
63	46
51	13
6	58
17	44
49	7
3	14
5	56
43	58
41	30
44	35
17	36
31	11
43	11
7	46
3	24
52	7
55	24
38	43
61	24
63	61
45	35
54	14
9	24
16	13
17	2
28	14
2	47
50	35
17	57
63	29
52	29
17	1
62	57
38	13
10	27
18	61
28	35
2	29
15	35
62	16
22	64
6	35
17	26
40	11
5	46
4	48
43	13
9	45
62	30
17	40
51	41
40	58
55	7
17	50
9	10
38	59
40	46
44	47
50	7
17	17
62	58
59	61
22	11
62	61
42	14
38	1
56	64
51	56
22	37
17	21
38	21
39	23
26	47
62	39
36	35
23	48
51	48
31	35
4	58
9	37
45	48
17	59
51	64
61	48
42	30
4	11
38	50
47	46
51	37
51	14
1	24
9	50
25	24
58	46
41	37
54	11
17	33
52	24
43	14
4	46
63	13
61	29
44	13
36	7
21	47
49	35
51	25
36	29
60	64
54	7
55	47
51	30
52	30
15	11
31	58
3	12
18	41
4	7
41	24
44	37
17	38
1	7
26	29
60	11
15	27
26	12
38	41
9	48
62	35
41	7
54	47
50	48
9	26
60	14
26	58
26	37
51	39
50	37
17	55
30	46
57	27
23	37
45	11
63	7
40	27
62	55
59	64
38	15
62	64
21	11
21	30
22	30
41	12
62	14
33	24
26	48
17	24
17	64
9	43
2	11
17	42
51	47
40	56
33	12
49	11
15	48
50	27
62	41
39	56
5	11
51	29
9	12
45	58
62	2
4	14
35	46
9	64
17	15
9	55
56	35
5	27
25	29
1	30
43	37
51	58
25	27
38	23
44	27
10	11
9	5
40	61
17	49
62	26
41	64
52	11
49	29
10	46
9	35
62	48
2	27
59	12
23	47
16	19
60	12
1	48
51	35
59	55
51	16
62	29
9	52
63	27
51	1
41	35
2	56
17	35
55	12
38	28
9	23
43	12
25	1
45	27
61	27
5	48
3	47
21	7
44	11
51	19
63	56
51	27
56	29
52	14
23	12
15	58
56	47
16	1
55	58
4	29
25	7
17	19
54	64
62	52
60	29
1	12
38	10
25	35
15	29
25	14
17	7
62	19
44	7
61	11
17	63
52	37
4	64
10	12
54	35
62	37
44	19
17	45
51	42
43	24
18	57
6	12
49	14
9	39
36	46
61	58
10	7
36	58
6	47
17	12
56	7
3	30
36	11
51	55
9	2
62	12
17	22
63	1
60	27
9	41
2	13
44	64
51	45
1	64
5	58
33	14
59	24
61	35
62	43
5	13
9	14
57	11
4	12
38	55
64	46
6	48
49	47
1	29
9	57
5	29
42	64
5	7
38	6
54	12
36	37
43	19
55	48
8	46
26	11
56	37
3	64
62	24
54	24
55	37
28	11
51	22
43	35
1	11
38	2
51	60
63	37
50	11
51	33
