58	15
41	4
58	30
16	28
29	52
36	22
58	52
29	42
36	38
16	22
58	35
59	14
36	13
36	43
47	44
59	51
59	54
59	5
58	55
59	48
59	18
47	34
16	17
58	5
58	11
59	31
59	23
16	4
58	43
36	19
16	45
58	12
59	20
58	3
58	53
58	8
29	18
16	19
29	45
36	39
41	5
16	7
59	11
36	42
58	1
47	52
16	43
41	45
58	26
50	45
58	48
47	38
16	49
58	38
41	51
58	57
58	21
58	32
41	43
36	52
29	19
50	4
59	45
47	43
16	24
58	14
47	2
36	45
29	43
59	46
16	42
58	25
58	46
16	32
29	10
50	38
59	43
59	6
47	45
59	25
41	52
36	24
36	56
50	43
58	45
16	37
41	38
47	33
50	52
58	9
16	52
29	38
58	51
58	40
29	24
47	42
