125	115
59	116
15	14
93	19
43	46
5	131
157	114
66	57
147	163
77	31
120	121
127	79
16	62
106	144
88	119
10	85
136	72
5	102
108	117
43	101
149	17
39	37
64	63
6	51
123	57
111	98
23	150
43	40
70	7
99	20
105	163
1	19
113	80
136	19
134	148
162	83
82	19
110	81
71	101
29	57
96	103
11	72
3	72
105	146
152	81
126	72
53	78
21	154
2	104
68	137
32	50
18	24
73	117
43	72
43	56
161	114
74	86
34	112
45	78
92	19
139	142
55	58
132	122
89	101
26	50
124	122
159	115
22	52
38	164
90	115
107	141
73	83
128	61
143	72
38	140
90	72
160	95
97	81
42	41
130	133
22	44
49	165
155	164
15	85
91	79
69	72
5	75
94	142
84	140
156	146
158	65
5	118
35	40
54	146
60	12
43	115
105	28
15	8
109	151
162	117
47	48
27	138
87	115
43	25
33	9
153	41
67	19
145	30
43	98
13	50
76	100
135	150
4	154
