58	69
61	69
27	99
28	134
99	98
111	139
27	83
34	78
23	69
21	134
100	134
122	102
107	134
150	23
119	50
12	16
111	98
118	133
106	154
149	102
25	134
1	134
117	99
139	98
13	13
61	139
32	69
41	23
41	50
111	69
113	98
68	139
121	99
2	134
17	10
68	99
40	23
141	23
92	50
44	139
95	16
41	80
19	69
67	133
64	80
55	99
23	134
26	47
140	105
126	133
41	111
101	154
114	50
28	139
40	83
85	139
77	80
46	16
86	99
51	83
90	16
25	99
63	23
128	6
56	69
39	16
57	105
13	18
41	69
123	99
82	69
36	23
116	47
36	55
86	139
47	102
154	134
111	80
75	50
51	50
54	6
78	6
130	23
30	102
61	98
110	102
123	139
34	49
23	98
19	99
1	99
42	69
81	48
31	120
25	139
53	80
11	104
86	69
84	80
147	134
72	134
38	111
137	11
93	16
9	122
58	99
76	31
86	55
44	102
55	61
19	80
36	120
65	16
151	134
4	139
83	61
106	10
58	134
86	83
7	83
19	111
42	134
33	69
129	139
29	102
52	83
15	122
144	127
130	69
68	134
89	50
123	134
120	98
143	16
136	80
105	98
125	48
27	23
89	111
41	83
127	98
79	134
14	80
124	81
39	80
51	111
78	49
23	139
100	139
82	139
59	134
100	99
33	83
52	69
147	99
82	99
91	69
66	122
51	99
19	61
55	80
70	133
97	139
61	134
121	69
86	23
141	111
134	98
135	120
94	80
37	111
42	139
44	69
62	139
148	153
111	61
27	69
36	61
83	139
142	80
118	102
121	139
19	139
111	99
83	99
126	102
89	23
29	133
8	99
38	83
29	153
19	55
80	98
109	36
130	80
138	16
19	23
115	18
56	139
89	69
21	139
17	154
155	18
140	104
86	111
33	99
81	81
17	79
76	153
1	139
38	61
41	61
5	50
23	80
51	23
51	61
83	134
101	10
69	98
71	50
86	134
91	83
153	146
89	83
26	102
55	139
57	104
74	16
63	61
1	69
89	55
147	69
117	69
122	133
32	99
123	69
78	78
111	83
44	133
24	16
85	134
112	80
23	61
56	23
17	151
83	80
82	134
36	83
152	16
34	153
108	16
132	113
55	111
129	134
111	134
97	134
20	133
55	98
103	105
130	139
8	69
94	69
101	151
19	83
10	134
130	99
147	50
2	139
35	16
56	80
126	122
33	61
147	80
145	127
130	61
59	139
18	98
41	99
19	134
56	55
44	134
40	111
72	139
131	16
20	102
52	99
150	111
150	83
73	153
130	83
94	99
106	151
52	61
56	61
91	61
27	111
23	23
60	80
49	98
61	99
141	55
88	127
4	134
104	98
23	99
121	134
130	134
91	99
55	23
44	122
116	102
11	105
38	23
36	111
55	83
40	61
106	79
23	83
58	139
27	61
44	99
87	127
26	133
86	61
55	134
107	139
36	80
68	69
56	134
45	80
101	79
42	99
61	80
48	98
153	120
3	99
86	80
128	78
55	69
83	98
89	99
146	98
50	98
111	23
63	83
22	61
25	69
147	139
89	61
83	69
133	98
77	16
6	98
33	23
91	23
102	98
150	61
16	98
67	102
56	99
51	69
62	134
43	50
74	80
56	111
52	23
56	83
70	102
100	69
91	50
