42	25
42	53
54	5
41	8
52	38
28	16
28	22
33	18
7	47
50	55
21	8
45	51
20	5
46	38
17	55
13	47
17	48
40	49
42	22
31	8
41	48
54	30
2	37
32	47
32	55
54	16
20	23
39	48
39	55
28	23
41	47
29	22
36	47
31	5
39	14
52	25
1	37
46	53
29	37
29	12
36	8
33	37
36	14
7	35
39	24
26	43
31	24
4	49
54	37
54	23
17	47
46	43
42	35
52	5
46	56
36	48
27	47
31	47
33	23
52	53
39	53
42	47
27	35
20	43
46	12
36	11
26	18
54	34
29	53
28	47
1	38
40	23
46	44
21	48
41	22
17	14
46	22
45	55
28	55
13	48
54	53
42	23
28	8
19	47
45	47
46	49
41	35
54	56
2	47
26	47
31	49
4	10
52	30
31	53
46	3
4	23
28	38
52	23
26	22
54	10
27	43
46	30
57	37
20	37
39	38
46	16
1	53
54	22
27	53
20	11
28	5
2	23
17	8
46	5
29	49
6	22
28	43
46	15
28	10
54	38
46	23
29	5
1	49
19	55
36	35
7	8
42	24
46	10
32	12
33	5
27	55
13	8
50	8
45	14
46	34
19	8
27	11
41	55
41	49
36	55
21	55
41	37
20	22
46	37
46	25
2	49
42	48
29	23
7	55
1	5
36	24
21	47
20	49
31	48
42	10
27	48
31	55
27	24
13	55
54	12
20	53
39	51
52	56
6	37
32	8
1	23
52	37
46	18
45	8
29	38
31	44
41	24
21	53
40	37
29	16
39	8
36	18
54	49
