6	20
42	25
19	45
6	46
12	45
7	15
43	46
36	44
22	21
23	29
19	46
36	3
26	8
18	14
6	15
38	34
33	29
22	4
33	47
18	3
22	14
18	32
6	39
23	21
6	24
6	34
36	32
23	40
18	40
12	3
42	16
23	15
36	37
19	14
26	4
36	21
42	15
6	11
23	13
18	21
43	5
19	34
33	20
43	41
19	39
36	34
6	40
23	14
7	17
7	45
6	16
12	21
36	10
28	24
33	25
18	4
22	8
43	3
42	31
33	1
6	3
36	15
18	27
7	34
23	3
19	32
6	27
12	32
26	14
43	31
12	40
12	14
42	11
33	31
36	16
23	32
42	27
19	13
42	39
12	11
18	46
42	37
42	14
42	3
33	2
36	46
38	21
18	13
19	37
28	17
33	5
12	46
18	39
7	16
7	46
6	17
36	11
22	32
42	21
38	14
6	14
18	34
7	37
23	10
9	14
43	14
6	32
33	46
19	3
26	13
28	44
12	15
36	24
33	30
19	24
18	11
36	17
28	3
7	32
42	45
43	2
6	37
7	24
43	25
42	17
6	13
7	3
6	45
12	44
33	41
42	46
