48	20
25	15
25	43
24	3
48	3
35	34
77	63
35	39
70	63
81	34
24	43
80	39
11	20
56	39
50	47
35	33
74	84
55	43
57	46
35	15
24	82
35	9
7	20
64	47
64	43
24	27
32	63
16	39
67	63
32	39
83	82
23	36
83	42
17	43
35	46
66	39
44	15
35	20
57	43
58	43
72	46
74	82
57	9
37	39
35	63
69	63
72	15
80	47
23	47
44	43
80	15
48	47
57	15
38	43
32	46
8	63
48	4
79	63
68	27
32	84
71	46
70	43
70	3
35	84
69	82
24	9
75	15
79	82
10	3
5	63
51	15
35	4
24	20
30	82
30	63
61	15
83	63
50	9
72	39
8	82
37	82
48	28
35	47
48	84
70	82
57	20
74	33
77	82
57	82
35	3
57	63
53	82
65	47
48	43
24	15
13	15
55	20
41	42
68	63
11	82
19	43
64	20
18	46
50	63
21	43
10	20
70	47
76	9
74	28
75	46
81	46
40	39
68	46
24	4
40	63
11	43
57	3
71	47
87	43
41	20
18	9
78	4
80	63
24	39
51	4
41	82
11	63
24	63
32	27
35	43
38	4
44	4
83	39
32	82
53	39
80	42
74	4
10	82
24	34
77	15
35	82
19	3
41	47
24	47
41	63
83	33
70	9
74	63
58	9
70	34
18	63
70	20
70	84
70	46
58	63
57	47
38	20
