93	102
58	15
1	20
66	98
17	71
14	59
57	73
54	15
54	74
93	37
67	20
14	78
77	85
80	71
33	65
58	35
89	13
93	71
1	68
43	45
8	30
54	85
8	34
52	71
14	90
76	71
77	74
66	4
89	4
89	85
86	70
41	87
84	20
11	70
89	53
14	2
54	48
39	10
8	60
82	19
77	59
66	85
80	87
82	44
57	68
58	65
104	20
57	18
57	19
1	87
8	25
67	48
39	92
58	94
14	21
58	85
89	48
8	88
8	32
11	48
9	68
43	3
33	98
52	19
93	3
89	30
8	70
58	59
54	10
14	30
93	70
39	72
14	29
33	78
14	73
84	85
8	4
33	60
89	73
58	38
82	62
104	53
93	6
54	38
86	19
8	81
80	56
93	98
93	50
58	13
76	15
33	64
86	85
43	59
58	50
43	60
104	85
93	31
77	68
93	69
66	73
14	44
104	72
89	15
52	85
14	102
1	72
57	95
52	98
93	91
33	45
57	2
33	96
39	48
77	72
11	44
93	44
54	68
33	35
84	72
77	15
93	2
41	85
66	15
33	74
52	32
93	22
82	72
89	65
66	68
33	6
67	45
57	48
76	19
1	99
80	81
89	94
67	19
82	20
39	98
80	24
33	94
104	68
76	3
93	65
8	45
11	65
1	85
17	48
14	48
33	18
58	92
76	81
33	81
33	53
80	53
86	98
8	15
86	55
93	85
9	53
58	55
66	30
93	48
43	65
14	32
17	32
39	74
86	60
43	15
77	19
14	75
84	87
66	19
54	20
89	70
84	92
82	87
66	50
11	2
89	59
8	83
76	38
33	48
14	95
9	78
1	19
82	95
1	32
54	19
89	98
104	87
33	32
86	73
67	24
54	32
33	13
17	72
11	73
17	44
93	18
66	59
89	50
58	18
54	53
58	71
14	10
67	68
33	72
54	87
11	60
82	70
43	30
33	15
58	88
58	74
54	44
8	10
8	64
86	48
33	83
8	59
8	75
14	35
80	20
11	18
43	18
14	70
93	63
57	32
1	56
76	48
11	53
84	32
67	87
17	85
39	5
52	44
58	90
8	37
58	81
89	44
8	38
67	59
14	98
39	85
8	50
66	32
80	45
8	95
41	32
57	70
93	74
93	34
43	13
104	71
54	81
52	53
82	85
57	98
8	85
93	94
57	65
66	2
54	56
8	21
82	32
76	45
57	59
1	15
57	60
33	30
86	4
84	23
89	19
11	71
14	85
89	60
76	98
52	48
80	98
1	38
58	4
1	45
104	45
58	73
57	30
14	6
76	53
14	38
57	85
41	81
82	2
66	6
93	25
33	70
8	48
8	90
54	94
89	69
39	55
9	81
14	50
11	98
86	50
9	56
82	4
14	19
43	71
58	44
43	68
93	19
14	37
8	2
86	65
58	5
67	72
14	34
104	15
93	29
89	72
67	85
17	87
76	24
76	85
58	83
8	19
14	96
11	4
66	34
58	68
58	53
57	72
89	90
11	32
84	15
82	45
11	13
66	70
57	15
14	60
14	45
67	32
80	19
84	96
54	98
9	24
43	44
17	55
8	31
77	45
93	92
33	44
41	45
82	13
77	53
82	30
66	95
104	48
14	15
58	48
104	32
76	56
14	69
86	34
82	73
41	71
33	10
82	59
41	20
43	95
14	74
66	48
17	98
11	95
82	18
9	62
86	45
39	19
57	50
58	75
58	64
58	2
86	68
39	23
11	81
58	70
93	64
39	32
8	96
77	32
93	21
33	19
80	15
104	59
58	95
1	3
17	59
33	50
67	56
8	68
1	24
43	73
8	71
14	31
93	73
76	72
82	48
43	4
77	81
14	65
43	32
66	65
77	98
57	45
93	10
76	87
86	18
84	45
58	96
43	2
58	10
66	44
14	94
93	83
33	90
93	4
11	30
93	30
11	15
84	74
57	13
14	47
80	72
66	13
58	30
86	6
11	68
14	88
84	94
39	38
1	71
57	94
93	90
89	2
84	5
86	95
82	15
77	71
93	45
89	81
14	13
86	75
33	95
86	32
33	73
1	101
14	4
82	71
41	53
39	87
67	98
39	96
58	98
104	98
33	55
80	59
8	13
8	65
86	2
1	98
17	15
9	55
89	95
8	3
39	45
8	74
43	70
57	81
33	23
1	53
14	25
76	99
11	19
8	44
8	94
11	50
66	60
52	45
84	98
54	45
82	50
93	15
54	72
84	10
89	45
9	85
84	48
1	48
76	32
33	85
52	59
8	53
8	73
57	71
93	75
104	81
33	38
93	35
57	44
77	87
104	19
80	32
84	38
66	18
11	59
67	81
39	20
82	65
76	20
11	85
9	101
93	95
93	55
54	59
14	92
33	92
58	6
82	94
17	19
54	71
84	19
93	32
8	5
41	15
33	3
58	32
89	18
8	98
52	81
17	45
41	72
43	48
86	13
57	4
8	35
58	19
33	5
80	85
104	44
58	72
52	15
41	19
80	48
58	23
86	30
14	22
52	72
33	4
14	83
1	81
66	3
9	32
77	48
39	94
43	85
67	53
93	59
57	53
39	15
14	18
89	32
43	50
58	60
58	45
82	98
43	69
43	19
93	60
54	24
82	60
33	2
93	13
43	98
33	59
8	18
