71	5
45	59
19	11
68	21
94	65
9	59
100	33
82	38
26	83
101	58
36	96
57	87
2	58
27	83
104	65
105	59
84	5
64	5
104	70
70	5
41	78
41	59
23	60
101	32
68	72
64	35
47	37
82	5
15	87
65	5
57	97
66	82
100	100
94	104
18	38
22	78
103	103
104	66
6	5
61	100
54	59
64	47
32	98
61	28
83	34
54	91
101	38
68	78
101	27
57	78
65	83
51	5
34	26
64	38
104	5
83	82
15	59
18	32
27	84
8	70
104	98
6	34
68	71
15	73
98	98
9	78
102	5
43	7
59	23
4	67
81	5
57	20
52	5
54	65
99	5
100	38
10	59
54	70
3	87
43	70
6	104
20	65
19	60
51	7
41	65
78	30
105	65
101	73
5	78
93	100
45	38
100	32
68	59
30	70
57	72
79	74
12	59
88	73
27	82
97	34
78	16
24	71
46	71
87	5
104	13
48	105
60	67
30	87
57	70
14	78
45	66
69	34
27	23
79	16
16	70
2	104
31	78
104	37
104	25
80	35
64	82
104	38
97	5
69	82
41	70
61	5
64	40
100	96
88	34
102	40
45	65
88	78
83	38
69	71
42	66
74	65
56	71
2	85
104	100
50	50
18	5
34	5
54	71
104	32
81	74
25	59
7	59
104	78
74	71
17	66
21	71
18	40
43	13
104	75
9	65
2	13
58	38
72	83
41	71
77	82
4	87
74	73
9	87
74	59
88	59
82	59
20	50
41	20
54	78
83	40
64	14
22	70
86	90
88	71
79	34
64	100
77	27
65	38
95	34
2	5
83	5
87	38
53	5
104	90
64	98
67	103
40	92
68	20
101	34
90	98
99	38
97	38
38	59
57	57
19	72
13	59
33	5
28	88
104	104
60	90
104	59
92	39
28	33
102	32
100	71
64	83
9	70
15	63
43	100
104	71
85	28
81	16
87	28
101	76
54	97
96	70
85	39
56	87
7	11
91	96
18	100
34	101
24	66
18	26
87	32
77	90
19	65
79	82
42	59
59	83
15	71
100	98
104	74
54	21
89	97
61	34
64	28
101	5
74	63
10	72
101	91
54	72
88	58
18	96
74	21
104	30
86	59
35	5
31	87
62	100
104	16
101	71
55	44
49	5
11	71
10	65
2	74
80	33
14	65
73	5
54	66
83	28
9	44
64	33
104	97
76	100
87	34
63	5
50	65
