59	49
59	23
25	43
57	29
42	28
59	35
25	20
16	8
7	15
19	23
21	8
12	23
36	44
46	38
61	2
36	38
42	43
27	43
16	9
31	8
39	11
25	23
60	35
30	8
16	33
19	52
4	2
13	1
30	24
55	43
36	43
47	43
30	44
13	10
7	54
63	8
60	52
25	45
25	26
50	53
36	8
16	17
31	35
39	45
41	52
16	1
36	35
19	33
4	44
4	14
31	24
55	1
16	53
46	33
57	43
30	38
16	14
4	1
16	45
39	53
47	8
16	5
30	23
39	24
19	58
12	44
25	53
57	8
57	40
13	52
56	8
16	6
16	40
32	38
51	35
31	33
39	33
57	24
50	52
27	45
4	54
19	2
59	8
12	2
50	54
7	45
12	53
56	44
47	52
50	35
50	8
25	1
57	44
31	53
36	54
4	23
56	29
16	35
47	24
47	35
25	6
12	24
36	15
60	5
22	24
7	62
39	38
39	28
36	33
47	53
39	35
4	29
12	40
16	54
55	35
27	28
18	52
50	40
50	28
4	38
16	15
16	2
39	43
31	40
16	44
39	52
48	1
4	24
16	43
63	23
51	52
59	53
30	11
39	40
30	2
16	52
39	23
4	8
19	38
60	1
16	24
31	23
16	29
25	40
19	44
42	35
3	44
3	1
36	23
50	24
31	14
50	5
19	1
47	28
19	8
12	8
16	62
50	33
4	11
63	1
31	29
16	23
59	14
25	62
16	58
50	1
13	35
50	44
19	53
16	11
31	44
21	23
37	17
59	43
48	5
47	45
30	33
47	62
57	53
48	52
60	62
36	24
4	53
16	38
57	45
50	43
19	24
13	5
39	44
50	62
4	45
4	17
37	15
46	14
21	35
19	40
25	8
21	43
13	62
36	53
59	62
50	38
50	58
4	33
19	5
21	53
50	23
39	8
50	45
3	14
30	43
