6	86
60	55
103	22
42	76
54	61
10	86
45	75
54	74
6	62
14	78
77	85
45	21
38	67
59	92
73	86
14	100
38	89
45	34
14	27
14	56
6	46
42	49
45	47
33	47
38	96
60	1
60	52
77	74
77	50
82	96
33	67
57	61
3	35
102	50
9	85
17	61
73	35
11	70
14	84
17	47
77	21
42	35
3	83
38	52
45	96
14	2
11	21
59	7
45	40
81	55
6	88
42	52
59	86
45	55
11	56
10	21
73	16
68	36
82	26
57	86
57	18
33	20
82	22
14	20
60	21
102	21
42	23
59	4
59	37
33	85
33	16
42	7
59	2
9	86
59	50
6	52
14	61
68	7
42	66
10	83
73	4
45	78
102	96
12	64
6	67
38	75
11	1
42	1
14	66
9	87
60	96
42	18
103	74
6	18
10	55
6	84
77	55
69	22
82	46
12	35
45	23
68	46
45	84
10	70
12	70
11	75
14	89
3	86
45	91
11	52
42	24
68	16
17	96
33	96
10	97
10	26
14	40
73	67
6	32
33	74
42	20
17	67
54	85
60	83
60	4
69	55
59	25
42	4
68	1
33	35
77	97
73	96
82	58
68	2
14	50
10	2
10	47
12	99
6	92
68	4
59	84
6	5
81	18
14	90
59	62
10	35
42	78
3	74
81	26
38	20
102	92
45	1
68	61
59	35
42	91
33	18
12	85
17	83
73	47
60	93
81	96
45	2
103	86
9	18
59	52
6	21
45	67
3	18
11	20
38	1
81	86
42	71
10	85
14	32
17	32
45	76
6	61
14	75
77	86
38	62
38	47
33	62
45	4
3	46
59	18
45	5
38	93
17	93
33	93
102	47
11	96
6	7
33	32
14	46
17	62
102	87
103	61
69	58
59	20
77	26
45	93
68	18
69	96
60	67
12	56
82	35
38	16
73	61
6	75
14	67
59	41
14	23
33	72
12	79
54	87
57	35
38	86
82	70
54	96
42	31
33	1
103	83
10	41
9	83
14	52
42	56
3	96
57	55
9	74
59	75
81	83
14	94
14	35
14	24
9	22
73	21
73	75
103	46
42	27
42	93
17	85
11	18
81	58
103	18
69	86
73	50
42	41
6	56
42	62
69	35
11	67
57	70
10	87
45	74
17	74
38	71
14	62
42	89
59	93
10	18
11	78
11	72
45	37
82	85
103	70
77	47
82	76
33	46
14	93
60	62
11	7
17	18
38	50
11	35
73	64
6	70
11	16
6	25
6	37
45	88
102	85
9	47
38	83
17	46
54	86
42	36
9	21
6	13
10	58
45	41
17	52
6	89
11	93
59	89
103	96
68	21
59	67
10	22
60	74
57	85
59	47
14	21
33	70
60	20
11	62
42	85
68	50
42	94
60	35
68	72
73	92
59	16
103	85
54	46
60	46
69	83
102	25
45	62
73	1
42	13
14	37
81	22
14	34
14	72
102	22
77	83
77	35
38	61
102	5
59	94
82	61
45	32
102	35
59	13
3	55
73	52
6	47
42	47
59	56
14	96
11	4
6	85
103	21
42	75
103	35
102	13
42	100
11	32
81	47
45	20
81	35
45	85
73	87
103	50
45	35
3	85
45	90
57	96
45	46
14	91
82	13
11	47
17	1
10	96
102	18
82	47
6	76
45	18
81	74
6	35
33	75
77	22
57	21
60	32
12	55
17	50
6	91
82	18
77	58
10	99
59	61
68	35
33	2
60	72
42	79
57	87
33	21
17	21
38	21
60	85
38	85
68	52
42	96
68	70
73	46
103	87
33	50
69	85
42	67
59	79
81	87
42	72
45	16
14	31
60	18
6	66
14	74
45	25
14	65
68	67
33	61
54	21
59	96
82	86
38	92
68	96
6	83
14	1
69	21
82	92
57	74
54	18
45	70
14	41
17	70
14	47
102	86
73	85
59	91
45	92
68	85
12	58
17	55
6	94
54	56
6	41
14	13
60	16
68	32
6	74
12	26
73	32
14	4
82	87
59	5
42	32
69	70
12	83
68	75
77	96
42	2
81	50
6	93
59	85
45	50
9	55
42	16
59	76
60	70
38	32
81	21
14	25
73	20
103	47
68	62
11	50
9	35
82	50
33	52
69	87
3	50
6	1
42	40
59	55
6	55
68	93
45	66
59	1
73	18
69	26
81	85
77	2
38	35
17	35
17	75
102	94
6	78
77	18
14	76
3	21
77	87
45	27
3	61
38	46
42	88
10	74
3	47
103	55
57	47
45	36
11	85
102	76
10	50
45	61
14	92
17	92
60	50
60	61
57	76
14	16
11	36
82	41
6	4
14	7
102	56
45	89
54	35
59	21
82	21
42	37
45	94
14	85
42	61
102	41
77	41
54	50
6	96
42	50
68	20
81	61
59	66
73	62
60	75
82	74
59	46
33	71
33	4
17	4
38	4
42	21
69	50
42	84
73	93
82	55
54	47
38	55
59	83
45	52
6	50
57	50
45	13
14	36
57	83
102	91
73	22
73	74
14	71
69	47
59	32
69	61
42	92
17	86
42	34
82	83
42	46
