18	2
18	5
19	2
19	10
20	2
20	10
21	2
21	10
22	2
23	19
23	20
23	21
23	24
23	25
23	26
23	27
23	28
23	29
23	30
23	31
23	32
23	33
24	2
25	2
26	2
26	10
27	2
28	2
29	2
29	10
30	2
30	10
31	2
31	10
32	2
32	10
32	18
32	19
32	20
32	21
32	22
32	23
32	25
32	26
32	27
32	28
32	29
32	30
32	31
32	32
32	33
32	38
32	49
32	54
32	57
33	2
33	10
33	18
33	19
33	20
33	21
33	22
33	23
33	25
33	26
33	27
33	28
33	29
33	30
33	31
33	32
33	33
33	38
33	49
33	54
33	57
34	68
35	2
35	19
35	20
35	21
35	22
35	23
35	25
35	26
35	27
35	28
35	29
35	30
35	31
35	32
35	33
35	38
35	49
36	19
36	20
36	21
36	22
36	23
36	24
36	25
36	26
36	27
36	28
36	29
36	30
36	31
36	32
36	33
37	2
38	10
39	2
39	5
40	3
41	2
41	5
42	2
42	5
43	3
44	2
44	3
44	78
44	79
44	80
44	81
44	82
44	83
44	84
44	85
44	86
44	87
44	88
44	89
44	90
44	91
44	92
44	93
44	94
44	95
44	96
44	97
44	98
44	99
44	100
44	101
44	102
44	103
44	104
44	105
44	106
44	107
44	108
44	109
44	110
44	111
44	112
44	113
44	114
44	115
44	116
44	117
44	118
45	3
46	2
47	2
47	3
47	78
47	79
47	80
47	81
47	82
47	83
47	84
47	85
47	86
47	87
47	88
47	89
47	90
47	91
47	92
47	93
47	94
47	95
47	96
47	97
47	98
47	99
47	100
47	101
47	102
47	103
47	104
47	105
47	106
47	107
47	108
47	109
47	110
47	111
47	112
47	113
47	114
47	115
47	116
47	117
47	118
48	2
48	5
48	8
49	10
50	1
50	2
50	5
51	2
51	5
51	8
52	2
52	5
52	8
53	2
53	5
53	8
54	2
55	2
55	5
55	8
56	2
56	5
57	2
57	10
58	2
58	5
58	8
59	2
59	5
60	2
61	2
61	3
62	2
62	5
63	2
63	10
64	1
64	2
64	3
64	5
64	8
64	11
64	12
64	13
64	17
64	19
64	20
64	21
64	22
64	23
64	24
64	25
64	26
64	27
64	28
64	29
64	30
64	31
64	32
64	33
64	35
64	36
64	38
64	39
64	41
64	42
64	43
64	48
64	50
64	51
64	52
64	53
64	55
64	58
64	59
65	2
65	8
65	18
65	19
65	20
65	21
65	22
65	23
65	25
65	26
65	27
65	28
65	29
65	30
65	31
65	32
65	33
65	38
65	49
65	57
66	18
66	19
66	20
66	21
66	22
66	23
66	25
66	26
66	27
66	28
66	29
66	30
66	31
66	32
66	33
66	38
66	46
66	48
66	51
66	52
66	53
66	54
66	55
66	56
66	57
66	58
66	59
66	60
66	62
67	8
67	19
67	20
67	21
67	22
67	23
67	24
67	25
67	26
67	27
67	28
67	29
67	30
67	31
67	32
67	33
67	36
67	38
67	39
67	40
67	44
67	46
67	47
67	48
67	49
67	50
67	51
67	52
67	53
67	54
67	55
67	56
67	57
67	58
67	59
67	60
67	62
68	8
68	45
68	46
68	48
68	50
68	51
68	52
68	53
68	54
68	55
68	56
68	58
68	59
68	60
68	61
68	62
68	63
68	64
68	66
68	67
68	74
68	76
69	19
69	23
69	25
69	26
69	27
69	28
69	29
69	30
69	31
69	32
69	33
69	36
69	45
69	46
69	48
69	51
69	52
69	53
69	54
69	55
69	56
69	58
69	60
69	61
69	63
69	64
69	66
69	67
69	74
69	76
70	2
70	8
71	63
71	64
71	65
71	66
71	67
71	69
71	74
71	76
72	23
72	63
72	64
73	23
73	63
73	64
74	19
74	23
74	25
74	26
74	27
74	28
74	29
74	30
74	31
74	46
74	48
74	51
74	52
74	53
74	54
74	55
74	56
74	58
74	59
74	60
74	62
75	63
75	64
75	66
75	74
76	18
76	19
76	20
76	21
76	22
76	23
76	25
76	26
76	27
76	28
76	29
76	30
76	31
76	32
76	33
76	38
76	46
76	49
76	54
76	56
76	57
77	63
77	64
77	66
77	74
77	76
78	10
78	11
78	12
78	13
78	39
78	44
78	47
78	48
78	50
78	51
78	52
78	53
78	55
78	58
78	59
79	19
79	20
79	21
79	22
79	23
79	24
79	25
79	26
79	27
79	28
79	29
79	30
79	31
79	32
79	33
79	36
79	38
79	41
79	42
79	45
79	46
79	48
79	50
79	51
79	52
79	53
79	55
79	58
79	59
79	60
79	61
79	64
79	66
79	74
79	76
80	64
80	65
80	66
80	67
80	68
80	69
80	74
80	76
81	65
81	67
82	4
82	6
82	7
82	8
82	9
82	11
82	12
82	13
82	14
82	15
82	16
82	17
82	35
82	39
82	48
82	50
82	51
82	52
82	53
82	55
82	58
82	59
83	65
83	66
83	67
83	68
83	69
83	70
83	74
83	76
84	45
84	50
84	64
85	1
85	38
85	64
85	65
85	67
86	65
86	66
86	67
86	74
86	76
87	39
87	41
87	42
87	43
87	45
87	48
87	50
87	51
87	52
87	53
87	55
87	58
87	59
87	61
87	64
87	67
87	68
88	65
88	66
88	67
88	68
88	69
88	70
88	74
88	76
89	65
89	66
89	67
89	68
89	69
89	70
89	74
89	76
90	19
90	20
90	21
90	22
90	23
90	24
90	25
90	26
90	27
90	28
90	29
90	30
90	31
90	32
90	33
90	36
90	41
90	42
90	45
90	46
90	48
90	51
90	52
90	53
90	55
90	58
90	59
90	60
90	61
90	67
91	48
91	51
91	52
91	53
91	55
91	58
91	59
91	64
91	65
91	66
91	67
91	68
91	69
91	74
91	76
92	65
92	66
92	67
92	74
92	76
93	65
93	66
93	67
93	74
93	76
94	65
94	66
94	67
94	68
94	69
94	70
94	74
94	76
95	65
95	66
95	67
95	68
95	69
95	70
95	74
95	76
96	41
96	59
96	61
96	64
97	19
97	20
97	21
97	22
97	23
97	24
97	25
97	26
97	27
97	28
97	29
97	30
97	31
97	32
97	33
97	36
97	41
97	42
97	44
97	47
97	50
97	66
97	74
97	76
98	63
98	64
98	66
98	74
98	76
99	19
99	20
99	21
99	22
99	23
99	24
99	25
99	26
99	27
99	28
99	29
99	30
99	31
99	32
99	33
99	36
99	39
99	40
99	41
99	42
99	43
99	46
99	48
99	50
99	51
99	52
99	53
99	55
99	56
99	58
99	59
99	60
99	66
99	67
99	74
99	76
100	19
100	20
100	21
100	22
100	23
100	24
100	25
100	26
100	27
100	28
100	29
100	30
100	31
100	32
100	33
100	36
100	41
100	42
100	45
100	48
100	50
100	51
100	52
100	53
100	54
100	55
100	56
100	58
100	59
100	61
100	67
101	4
101	6
101	7
101	8
101	9
101	11
101	12
101	13
101	14
101	15
101	16
101	17
101	35
101	39
101	44
101	47
101	48
101	50
101	51
101	52
101	53
101	55
101	58
101	59
102	19
102	20
102	21
102	22
102	23
102	24
102	25
102	26
102	27
102	28
102	29
102	30
102	31
102	32
102	33
102	36
102	43
102	45
102	46
102	48
102	51
102	52
102	53
102	55
102	56
102	58
102	59
102	60
102	61
102	64
102	66
102	74
102	76
103	4
103	6
103	7
103	8
103	9
103	11
103	12
103	13
103	14
103	15
103	16
103	17
103	35
103	39
103	44
103	47
103	48
103	50
103	51
103	52
103	53
103	55
103	58
103	59
104	65
104	67
104	68
104	69
104	70
105	48
105	51
105	52
105	53
105	55
105	58
105	59
105	64
105	65
105	66
105	67
105	68
105	69
105	74
105	76
106	45
106	50
106	61
107	1
107	38
107	64
107	65
108	65
108	66
108	67
108	68
108	69
108	70
108	74
108	76
109	64
109	65
109	66
109	67
109	68
109	69
109	74
109	76
110	19
110	20
110	21
110	22
110	23
110	24
110	25
110	26
110	27
110	28
110	29
110	30
110	31
110	32
110	33
110	36
110	41
110	42
110	45
110	46
110	48
110	51
110	52
110	53
110	55
110	58
110	59
110	60
110	61
110	67
111	65
111	66
111	67
111	74
111	76
112	19
112	20
112	21
112	22
112	23
112	24
112	25
112	26
112	27
112	28
112	29
112	30
112	31
112	32
112	33
112	36
112	39
112	40
112	41
112	42
112	43
112	46
112	48
112	50
112	51
112	52
112	53
112	55
112	56
112	58
112	59
112	60
112	66
112	67
112	74
112	76
113	50
113	64
113	65
113	66
113	67
113	68
113	69
113	74
113	76
114	50
114	64
114	65
114	66
114	67
114	68
114	69
114	74
114	76
115	1
115	38
115	64
115	65
116	5
116	19
116	20
116	21
116	22
116	23
116	24
116	25
116	26
116	27
116	28
116	29
116	30
116	31
116	32
116	33
116	36
116	39
116	41
116	42
116	46
116	50
116	56
116	60
117	43
117	64
118	19
118	20
118	21
118	22
118	23
118	24
118	25
118	26
118	27
118	28
118	29
118	30
118	31
118	32
118	33
118	36
118	38
118	41
118	42
118	44
118	45
118	46
118	47
118	48
118	50
118	51
118	52
118	53
118	55
118	56
118	58
118	59
118	60
118	61
118	63
118	64
118	66
118	74
118	76
119	2
