13	2
13	5
14	2
14	11
15	2
16	2
16	11
17	58
17	60
18	14
18	15
18	16
19	14
19	15
19	16
20	11
21	2
21	5
21	11
22	2
22	5
22	11
22	14
22	16
22	20
22	21
22	22
22	23
22	24
22	25
22	26
22	27
22	28
22	29
23	11
24	5
24	11
24	14
24	16
24	20
24	21
24	22
24	23
24	24
24	25
24	26
24	27
24	28
24	29
25	5
25	11
26	5
26	11
26	14
26	16
26	20
26	21
26	22
26	23
26	24
26	25
26	26
26	27
26	28
26	29
27	11
27	14
27	16
27	20
27	21
27	22
27	23
27	24
27	25
27	26
27	27
27	28
27	29
28	11
28	14
28	16
28	20
28	21
28	22
28	23
28	24
28	25
28	26
28	27
28	28
28	29
29	11
30	2
30	5
31	3
32	2
32	5
33	3
34	2
34	3
34	64
34	65
34	66
34	67
34	68
34	69
34	70
34	71
34	72
34	73
34	74
34	75
34	76
34	77
34	78
34	79
34	80
34	81
34	82
34	83
34	84
34	85
34	86
34	87
34	88
34	89
34	90
34	91
34	92
34	93
34	94
34	95
34	96
34	97
34	98
34	99
34	100
34	101
34	102
34	103
34	104
34	105
34	106
35	54
35	57
36	2
37	2
37	3
37	64
37	65
37	66
37	67
37	68
37	69
37	70
37	71
37	72
37	73
37	74
37	75
37	76
37	77
37	78
37	79
37	80
37	81
37	82
37	83
37	84
37	85
37	86
37	87
37	88
37	89
37	90
37	91
37	92
37	93
37	94
37	95
37	96
37	97
37	98
37	99
37	100
37	101
37	102
37	103
37	104
37	105
37	106
38	11
39	1
39	2
40	1
40	2
40	5
41	2
41	5
41	9
42	2
43	3
44	2
44	11
45	39
45	40
45	43
45	45
45	46
46	2
46	3
47	2
47	5
48	2
48	11
49	2
49	11
49	13
49	14
49	16
49	20
49	21
49	22
49	23
49	24
49	25
49	26
49	27
49	28
49	29
49	38
49	44
50	1
50	2
50	3
50	5
50	9
50	14
50	15
50	16
50	18
50	19
50	20
50	21
50	22
50	23
50	24
50	25
50	26
50	27
50	28
50	29
50	30
50	39
50	40
51	1
51	2
51	3
51	5
51	9
51	12
51	14
51	15
51	16
51	18
51	19
51	20
51	21
51	22
51	23
51	24
51	25
51	26
51	27
51	28
51	29
51	30
51	32
51	33
51	39
51	40
51	41
51	50
51	52
52	2
52	3
52	5
52	9
53	36
53	41
53	42
53	50
53	51
53	55
53	58
53	60
54	2
54	9
54	13
54	14
54	16
54	20
54	21
54	22
54	23
54	24
54	25
54	26
54	27
54	28
54	29
54	38
54	44
55	13
55	14
55	16
55	20
55	21
55	22
55	23
55	24
55	25
55	26
55	27
55	28
55	29
55	36
55	41
55	42
55	44
55	47
56	36
56	41
56	42
57	9
57	14
57	15
57	16
57	18
57	19
57	20
57	21
57	22
57	23
57	24
57	25
57	26
57	27
57	28
57	29
57	30
57	31
57	34
57	36
57	37
57	38
57	39
57	40
57	41
57	42
57	44
57	47
58	9
58	36
58	39
58	40
58	41
58	42
58	43
58	46
58	47
58	48
58	49
58	50
58	51
58	52
58	55
58	56
58	57
59	16
59	19
59	21
59	22
59	24
59	25
59	26
59	27
59	28
59	29
59	36
59	41
59	42
59	43
59	46
59	48
59	49
59	50
59	51
59	52
59	55
59	56
59	57
60	36
60	41
60	43
60	46
60	48
60	49
60	50
60	51
60	52
60	55
60	56
60	57
61	36
61	41
61	43
61	46
61	50
61	51
61	53
61	55
61	56
61	57
61	59
61	61
62	21
62	22
62	24
62	25
62	26
62	27
62	28
62	29
62	48
62	49
62	50
62	51
62	52
62	54
62	55
62	56
62	57
62	58
62	59
62	60
62	61
63	21
63	22
63	24
63	25
63	26
63	27
63	28
63	29
63	48
63	49
63	50
63	51
63	52
63	55
64	14
64	15
64	16
64	18
64	19
64	32
64	34
64	37
64	39
64	40
64	47
64	55
64	57
65	4
65	6
65	7
65	8
65	9
65	10
65	12
65	21
65	22
65	24
65	41
66	1
66	21
66	22
66	24
66	25
66	26
66	27
66	28
66	29
66	50
66	51
66	54
67	11
67	12
67	30
67	34
67	37
67	39
67	40
67	41
68	14
68	15
68	16
68	18
68	19
68	20
68	21
68	22
68	23
68	24
68	25
68	26
68	32
68	36
68	39
68	40
68	41
68	43
68	46
68	50
68	51
68	52
68	55
69	50
69	51
69	52
69	53
69	54
69	55
69	56
69	57
69	58
69	59
69	60
69	61
70	54
70	56
70	57
71	1
71	21
71	22
71	23
71	24
71	25
71	26
71	27
71	28
71	29
71	50
71	51
71	54
72	21
72	22
72	23
72	24
72	25
72	26
72	30
72	32
72	41
72	50
72	51
72	52
73	11
73	12
73	30
73	34
73	37
73	39
73	40
73	41
74	1
74	21
74	22
74	23
74	24
74	25
74	26
74	27
74	28
74	29
74	50
74	51
74	54
74	57
75	54
75	55
75	56
75	57
76	11
76	12
76	30
76	34
76	37
76	39
76	40
76	41
77	79
77	89
77	99
77	103
78	53
78	54
78	55
78	56
78	57
78	58
78	59
78	60
78	61
79	14
79	15
79	16
79	18
79	19
79	21
79	22
79	24
79	25
79	26
79	32
79	36
79	41
79	43
79	46
79	56
79	57
80	53
80	54
80	55
80	56
80	57
80	58
80	59
80	60
80	61
81	53
81	54
81	55
81	56
81	57
81	58
81	59
81	60
81	61
82	54
82	55
82	56
82	57
83	14
83	15
83	16
83	18
83	19
83	32
83	34
83	37
83	39
83	40
83	55
84	11
84	12
84	30
84	34
84	37
84	39
84	40
84	41
85	39
85	40
85	43
85	46
86	20
86	27
86	28
86	29
86	48
86	49
86	50
86	51
86	52
86	55
87	14
87	15
87	16
87	18
87	19
87	21
87	22
87	24
87	25
87	26
87	27
87	28
87	29
87	30
87	31
87	32
87	33
87	36
87	39
87	40
87	41
87	50
87	55
87	57
88	39
88	40
88	50
88	51
88	52
88	53
88	54
88	55
88	56
88	57
88	58
88	59
88	60
88	61
89	14
89	15
89	16
89	18
89	19
89	21
89	22
89	24
89	32
89	39
89	40
89	41
89	42
89	43
89	46
89	56
89	57
90	14
90	15
90	16
90	18
90	19
90	21
90	22
90	24
90	25
90	26
90	33
90	36
90	41
90	43
90	46
90	50
90	51
90	52
90	55
91	4
91	6
91	7
91	8
91	9
91	10
91	12
91	30
91	32
91	34
91	37
91	39
91	40
91	41
92	1
92	21
92	22
92	23
92	24
92	25
92	26
92	27
92	28
92	29
92	50
92	51
92	54
93	41
93	50
93	51
93	52
93	53
93	54
93	55
93	56
93	57
93	58
93	59
93	60
93	61
94	1
94	21
94	22
94	23
94	24
94	25
94	26
94	27
94	28
94	29
94	50
94	51
94	54
95	53
95	54
95	55
95	56
95	57
95	58
95	59
95	60
95	61
96	4
96	6
96	7
96	9
96	10
96	12
96	13
96	14
96	15
96	16
96	19
96	21
96	22
96	30
96	32
96	34
96	36
96	37
96	39
96	40
96	41
96	42
97	14
97	15
97	16
97	18
97	19
97	21
97	22
97	24
97	36
97	39
97	40
98	39
98	40
98	50
98	51
98	52
98	53
98	54
98	55
98	56
98	57
98	58
98	59
98	60
98	61
99	14
99	15
99	16
99	18
99	19
99	20
99	21
99	22
99	24
99	30
99	32
99	36
99	39
99	40
99	50
100	21
100	22
100	23
100	24
100	25
100	26
100	27
100	28
100	29
100	32
100	41
100	48
100	49
100	50
100	51
100	52
101	1
102	53
102	54
102	55
102	56
102	57
102	58
102	59
102	60
102	61
103	5
103	14
103	15
103	16
103	18
103	19
103	20
103	21
103	22
103	24
103	30
103	32
103	36
103	39
103	40
103	50
104	33
104	50
104	51
104	52
105	14
105	15
105	16
105	18
105	19
105	20
105	21
105	22
105	23
105	24
105	25
105	26
105	27
105	28
105	29
105	32
105	34
105	36
105	37
105	39
105	40
105	41
105	43
105	46
105	48
105	49
105	50
105	51
105	52
105	55
106	1
106	50
106	51
106	52
106	54
106	65
106	85
106	91
107	2
