50	70
61	54
54	5
66	7
35	29
63	21
42	62
58	69
58	52
61	69
54	15
2	50
23	30
68	59
23	70
3	27
48	46
63	17
45	21
28	29
14	42
33	65
51	2
58	35
64	57
2	37
15	3
48	40
2	27
63	19
8	30
50	29
48	64
51	42
63	40
66	40
6	21
66	66
12	16
66	35
66	4
61	62
37	52
66	11
57	61
33	37
50	53
20	20
46	2
51	66
15	36
33	52
17	29
66	17
37	61
61	1
10	10
62	31
63	71
57	20
18	55
33	11
51	32
15	53
34	57
28	17
2	41
17	3
45	40
17	37
39	53
51	28
15	66
54	21
2	3
20	18
3	8
17	5
45	55
17	10
58	3
38	19
30	70
15	6
32	30
58	65
20	27
28	71
57	18
33	20
17	20
66	21
43	25
6	1
35	69
48	7
9	16
64	35
37	21
64	33
8	25
20	32
2	5
42	7
20	56
59	11
9	12
26	47
66	18
3	53
51	64
6	52
35	4
45	65
42	61
45	8
67	16
8	70
69	31
58	28
58	59
71	70
61	18
38	36
66	28
18	33
55	11
20	61
39	25
35	17
15	67
20	37
18	61
14	66
33	50
3	4
43	31
64	34
45	45
35	56
55	35
61	33
2	32
21	44
10	8
15	2
45	33
28	32
14	56
66	52
66	62
26	50
57	5
3	3
58	13
51	12
61	52
1	22
34	7
3	13
12	11
66	37
58	50
27	30
61	13
2	52
67	4
17	6
18	20
37	1
18	27
21	25
35	18
66	6
54	27
45	23
38	69
38	42
61	23
18	13
48	34
35	8
28	69
54	32
2	35
9	31
63	52
56	25
2	28
15	62
59	4
26	59
55	41
50	36
68	16
66	5
66	42
54	55
61	45
57	2
41	44
55	54
37	3
34	50
63	28
17	65
37	70
45	69
37	65
33	35
64	11
45	19
67	7
37	17
17	27
39	29
61	27
15	4
2	10
59	25
42	59
56	22
28	19
42	4
64	36
18	53
33	13
33	6
18	29
50	20
64	55
64	63
20	53
66	49
26	39
42	54
48	58
33	1
42	72
57	57
40	22
2	61
35	23
67	67
28	2
58	63
20	29
45	10
9	39
57	1
45	36
15	34
45	1
3	29
15	20
64	69
56	30
2	17
57	29
65	70
48	32
19	31
33	18
66	71
2	39
15	42
57	23
48	51
2	53
66	57
45	2
33	53
2	6
66	33
9	59
59	52
39	11
17	8
63	69
48	68
65	30
55	61
45	3
18	2
58	37
45	17
15	71
2	55
64	29
63	32
33	29
33	39
20	63
38	29
15	21
15	61
13	70
38	62
9	60
33	62
61	28
45	4
35	54
51	68
2	23
58	45
58	27
63	55
51	26
45	31
66	50
43	40
17	41
27	44
7	7
64	53
12	4
50	61
45	5
51	46
66	45
2	4
15	10
41	41
63	35
55	59
34	60
3	11
48	54
36	70
18	40
58	56
61	11
58	20
45	71
20	1
33	32
45	6
51	14
15	28
64	18
15	13
15	39
32	22
38	40
55	39
33	69
61	21
63	62
17	62
58	31
37	36
27	70
20	41
15	55
38	5
64	16
18	6
66	59
18	56
6	11
51	38
28	55
55	69
17	54
53	44
54	53
15	19
20	3
63	11
17	13
42	36
58	71
35	32
10	30
50	57
17	61
12	21
40	30
36	10
38	61
15	32
38	38
37	11
18	39
23	22
18	18
7	21
54	11
28	62
42	20
15	8
57	39
3	5
6	3
29	30
37	4
15	57
15	49
20	55
57	63
43	2
10	41
33	54
38	54
8	10
58	10
66	67
6	49
34	67
57	55
42	18
2	63
35	21
42	11
58	61
58	42
38	33
48	66
15	11
57	32
45	29
69	44
64	62
37	25
3	41
66	61
54	38
39	5
9	34
57	41
66	55
51	67
67	47
29	44
38	53
12	12
51	34
66	53
54	71
46	42
26	12
57	3
35	28
66	32
54	62
2	57
46	15
9	67
18	37
18	23
17	63
15	23
67	21
28	56
38	71
20	33
18	65
57	17
38	64
54	18
17	69
21	70
35	52
34	16
2	36
71	44
58	40
43	42
10	70
63	2
66	20
2	49
20	59
18	17
66	2
66	47
54	56
15	12
58	54
17	18
61	63
61	17
37	53
55	53
38	11
64	39
40	70
50	52
42	52
15	1
46	32
64	21
15	37
6	25
17	28
42	17
63	64
10	13
54	36
35	61
23	41
20	2
37	29
18	54
6	13
15	50
50	23
63	5
33	41
33	59
33	8
40	44
55	50
42	53
55	65
15	33
45	54
53	70
17	11
66	64
57	52
5	31
7	47
38	18
61	71
26	37
50	55
68	37
58	66
51	58
51	54
18	10
48	2
58	53
33	27
15	5
7	67
38	27
37	62
18	71
57	37
18	8
59	29
37	20
68	50
58	7
33	17
68	72
37	23
62	44
20	57
37	37
42	29
35	2
39	55
33	56
38	56
50	17
64	47
48	9
45	53
18	21
18	3
45	62
9	72
67	12
2	19
66	63
58	44
64	7
39	4
18	32
35	10
43	66
28	27
39	39
71	30
3	65
6	29
42	69
37	27
15	59
55	36
64	71
46	6
12	34
46	56
45	32
2	20
7	4
26	34
18	1
51	61
55	49
55	29
68	20
42	47
51	7
58	12
61	55
15	17
3	1
13	30
43	58
32	70
41	30
41	22
55	3
17	36
63	36
65	22
55	17
55	18
35	6
35	19
58	72
17	1
63	18
64	27
32	25
38	66
48	42
26	72
63	61
50	37
64	56
58	36
61	4
12	47
45	35
2	29
26	67
56	44
37	5
50	35
17	57
54	54
61	5
55	5
51	36
55	55
48	67
63	29
55	28
54	61
61	61
37	55
64	37
33	36
50	50
18	5
20	21
45	18
15	35
41	10
28	21
6	27
66	16
55	23
9	7
48	28
64	61
36	25
57	21
64	17
15	63
18	52
33	10
35	3
50	21
2	40
20	50
33	3
17	50
55	21
39	52
54	2
66	27
55	52
42	55
58	1
26	7
28	28
45	56
64	20
17	17
64	4
57	50
42	60
35	36
26	31
33	2
20	28
17	4
51	56
12	67
58	2
33	21
17	21
38	21
51	40
29	25
35	1
12	7
68	60
57	28
35	33
55	33
7	16
9	37
64	54
50	5
46	40
15	7
17	59
65	41
54	40
2	2
14	32
3	52
50	69
43	46
42	42
14	2
59	53
32	44
6	53
9	50
18	35
42	67
55	13
34	72
61	19
2	54
17	33
66	29
33	28
55	10
20	62
21	30
43	14
3	23
45	25
50	3
38	63
68	67
33	61
61	29
58	39
35	55
35	71
2	33
5	70
63	54
2	71
2	65
51	63
26	57
66	34
50	62
68	7
35	5
46	64
61	53
58	32
63	4
20	17
66	36
18	41
54	66
61	10
50	1
54	69
45	70
57	65
33	33
20	69
68	39
15	27
64	19
28	36
18	49
43	56
18	69
66	19
68	47
66	13
63	63
7	29
58	47
54	33
35	62
55	4
20	40
63	53
58	49
18	59
6	10
20	5
36	44
64	52
28	35
45	44
17	55
54	52
28	18
64	60
28	42
55	57
18	11
56	70
2	8
64	64
51	9
37	57
49	71
38	15
10	25
18	28
28	33
61	3
20	23
29	70
55	6
10	6
19	30
7	60
64	50
5	44
48	26
28	61
35	65
26	20
2	11
59	5
57	27
68	57
18	50
66	69
15	54
50	27
20	52
9	57
55	62
33	55
14	64
42	33
1	41
18	62
64	32
55	8
45	61
57	56
46	66
42	16
58	62
45	11
38	32
33	23
61	6
20	65
14	25
39	21
35	13
58	34
57	59
8	44
57	33
2	18
17	49
19	70
28	11
12	29
66	60
48	38
57	40
55	1
66	56
58	38
39	59
54	42
6	8
38	52
51	35
59	55
42	34
2	69
67	11
63	27
42	57
43	64
54	63
54	17
2	56
38	35
17	35
63	33
18	36
38	28
64	12
58	41
18	4
3	21
45	27
14	40
53	10
30	25
35	53
63	56
35	11
48	63
66	8
36	41
68	12
39	17
63	42
33	49
21	10
58	6
9	47
3	10
20	11
53	30
48	12
28	5
58	57
54	64
37	50
45	28
37	69
15	29
6	4
15	69
66	39
20	4
57	11
2	1
54	19
54	28
55	20
28	4
26	16
28	64
54	35
37	35
26	60
59	21
68	34
42	37
64	67
9	20
18	57
10	44
57	4
38	2
57	62
28	54
50	4
58	19
17	53
33	40
15	18
42	50
59	59
19	44
42	28
33	5
61	65
40	25
57	53
61	8
38	17
35	35
35	27
58	67
15	40
33	71
18	19
33	4
28	63
38	4
42	21
12	60
2	13
64	42
58	8
59	39
64	59
29	31
7	11
15	56
28	40
50	25
67	29
20	54
59	17
33	57
38	55
48	56
28	52
35	40
45	52
45	63
57	54
66	12
2	62
64	28
67	60
64	2
54	29
45	13
2	59
55	27
48	14
6	65
57	69
15	65
20	39
71	31
36	31
17	23
42	39
55	37
54	4
15	41
58	23
17	52
18	63
2	21
35	63
66	54
17	39
28	53
34	47
66	23
50	65
50	11
