7	3
7	7
8	1
8	2
8	3
8	4
8	7
8	8
8	9
9	1
10	8
11	7
12	7
13	7
14	1
14	7
14	9
15	1
15	3
15	4
15	9
16	1
16	3
16	4
16	9
17	24
17	27
17	33
17	34
17	36
18	59
18	66
19	70
19	71
20	1
20	9
21	1
21	9
22	1
22	4
22	9
23	1
23	4
23	9
24	1
24	3
24	4
24	5
24	9
25	7
25	63
25	64
25	66
25	69
26	8
26	59
26	66
26	67
27	1
27	9
28	1
28	3
28	4
28	9
29	2
29	4
29	5
29	6
29	8
29	25
29	26
29	48
30	1
30	4
30	9
31	1
31	3
31	4
31	9
32	8
32	27
32	30
32	35
32	36
32	41
32	42
32	43
32	70
33	1
33	2
33	3
33	4
33	5
33	6
33	7
33	8
33	9
33	23
33	33
33	40
33	48
33	50
33	53
34	1
34	2
34	4
34	5
34	8
34	9
34	20
34	21
34	23
34	32
34	33
34	38
34	71
35	2
36	2
36	8
36	41
37	1
37	3
37	4
37	9
38	1
38	4
38	9
39	1
39	4
39	9
40	1
40	3
40	4
40	9
41	1
41	4
41	9
42	1
42	4
42	9
43	1
43	4
43	9
44	1
44	4
44	9
45	1
45	4
45	5
45	9
46	11
46	12
46	13
46	14
47	1
47	3
47	4
47	9
48	1
48	4
48	9
49	1
49	2
49	4
49	5
49	9
50	1
50	3
50	4
50	9
51	1
51	3
51	4
51	9
52	1
52	3
52	4
52	9
53	1
53	3
53	4
53	9
54	1
54	3
54	4
54	9
55	1
55	3
55	4
55	7
55	9
56	1
56	3
56	4
56	7
56	9
57	1
57	3
57	4
57	7
57	9
58	1
58	2
58	4
58	8
58	20
58	21
58	22
58	23
58	24
58	25
58	26
58	27
58	28
58	29
58	30
58	31
58	32
58	33
58	34
58	36
58	37
58	38
58	39
58	40
58	41
58	42
58	43
58	44
58	48
58	49
58	50
58	52
58	53
58	54
58	55
58	56
58	57
58	58
58	60
58	61
58	67
58	68
59	5
60	1
60	2
60	4
60	5
60	7
60	8
60	9
60	20
60	21
60	22
60	23
60	24
60	25
60	26
60	27
60	28
60	29
60	30
60	31
60	32
60	33
60	34
60	35
60	36
60	37
60	38
60	39
60	40
60	41
60	42
60	43
60	44
60	48
60	49
60	50
60	52
60	53
60	54
60	55
60	58
60	59
60	60
60	63
60	66
60	67
60	70
60	71
60	72
60	80
60	87
60	89
61	1
61	3
61	4
61	7
61	9
62	1
62	4
62	9
63	1
63	4
63	9
64	1
64	4
64	9
65	1
65	2
65	3
65	4
65	7
65	8
65	9
65	20
65	21
65	22
65	23
65	24
65	25
65	26
65	27
65	28
65	29
65	30
65	31
65	32
65	33
65	34
65	35
65	36
65	37
65	38
65	39
65	40
65	41
65	42
65	43
65	44
65	48
65	50
65	53
65	55
66	4
66	5
67	1
67	4
67	5
67	9
68	1
68	3
68	4
68	7
68	9
69	1
69	4
69	9
70	1
70	4
70	9
71	1
71	4
71	9
72	1
72	3
72	4
72	7
72	9
73	1
73	2
73	14
73	16
73	50
73	53
73	55
73	56
73	61
73	68
74	1
74	3
74	4
74	7
74	9
75	1
75	3
75	4
75	7
75	9
76	7
76	80
77	23
77	33
77	34
77	58
77	60
77	80
77	88
77	89
78	7
79	76
79	80
80	7
81	7
82	58
82	60
82	76
82	80
83	7
83	32
83	33
83	34
83	60
83	80
83	88
83	89
84	4
84	5
84	6
84	8
84	48
84	71
85	58
85	60
85	86
86	8
86	20
86	21
86	23
86	33
86	34
86	40
86	48
86	53
86	55
86	58
86	60
86	70
86	71
87	8
87	20
87	21
87	23
87	33
87	34
87	38
87	40
87	41
87	50
87	53
87	54
87	55
87	59
87	60
87	63
87	66
87	69
87	70
87	71
87	76
88	8
88	27
88	28
88	33
88	40
88	43
88	44
88	50
88	53
88	54
88	58
88	59
88	60
88	63
88	66
88	69
88	70
88	71
89	7
89	8
89	20
89	21
89	40
89	43
89	44
89	50
89	53
89	54
89	58
89	59
89	60
89	63
89	66
89	69
89	70
89	71
90	7
90	8
90	23
90	33
90	34
90	48
90	50
90	53
90	55
90	58
90	59
90	60
90	63
90	66
90	69
90	70
90	71
91	58
91	59
91	60
91	62
91	66
91	67
91	72
91	80
91	88
91	89
92	24
92	26
92	27
92	31
92	32
92	35
92	36
92	40
92	44
92	58
92	59
92	60
92	66
92	67
93	58
93	59
93	60
93	62
93	66
93	67
93	72
94	7
94	8
94	66
95	7
95	72
96	7
97	23
97	25
97	26
97	33
97	34
97	41
97	49
97	50
97	52
97	53
97	54
97	55
97	58
97	60
98	20
98	21
98	22
98	23
98	24
98	25
98	26
98	27
98	28
98	29
98	30
98	31
98	32
98	33
98	34
98	35
98	36
98	37
98	38
98	39
98	40
98	41
98	42
98	43
98	44
98	48
98	50
98	59
98	60
98	63
98	66
98	70
98	71
98	88
98	89
99	20
99	21
99	23
99	24
99	25
99	26
99	27
99	28
99	32
99	33
99	34
99	35
99	36
99	40
99	43
99	44
99	48
99	49
99	50
99	53
99	54
99	58
99	60
99	70
99	71
99	77
99	86
99	88
99	89
100	20
100	21
100	23
100	24
100	25
100	26
100	27
100	28
100	32
100	33
100	34
100	35
100	36
100	40
100	43
100	44
100	48
100	50
100	53
100	58
100	60
100	63
100	69
100	70
100	71
100	88
100	89
101	20
101	21
101	23
101	24
101	25
101	26
101	27
101	28
101	32
101	33
101	34
101	35
101	36
101	40
101	43
101	44
101	50
101	53
101	54
101	58
101	60
101	70
101	71
101	88
101	89
102	23
102	24
102	25
102	26
102	27
102	28
102	32
102	33
102	34
102	35
102	36
102	43
102	44
102	50
102	52
102	53
102	58
102	60
102	76
103	23
103	33
103	35
103	36
103	49
103	50
103	58
103	60
104	23
104	27
104	28
104	32
104	33
104	34
104	35
104	36
104	43
104	44
104	49
104	50
104	53
104	54
104	55
104	58
104	59
104	60
104	66
104	69
104	86
104	87
104	88
104	89
105	23
105	24
105	27
105	33
105	35
105	36
105	40
105	43
105	48
105	49
105	55
105	58
105	59
105	63
105	66
105	69
105	70
105	71
106	23
106	24
106	27
106	28
106	32
106	33
106	34
106	35
106	36
106	40
106	43
106	44
106	48
106	49
106	50
106	53
106	54
106	55
106	58
106	60
106	70
106	71
107	20
107	21
107	23
107	27
107	33
107	34
107	35
107	43
107	48
107	49
107	58
107	59
107	63
107	66
107	69
107	70
108	20
108	21
108	23
108	24
108	27
108	28
108	32
108	33
108	34
108	36
108	37
108	40
108	43
108	48
108	49
108	50
108	53
108	54
108	55
108	58
108	59
108	60
108	63
108	66
108	69
108	70
108	71
108	88
109	33
109	34
109	40
109	48
109	49
109	50
109	53
109	54
109	55
109	60
109	66
109	71
110	2
110	23
110	27
110	28
110	33
110	34
110	35
110	43
110	48
110	49
110	50
110	52
110	53
110	54
110	55
110	58
110	60
110	70
110	71
110	73
110	80
110	82
110	86
110	87
110	88
110	89
111	2
111	32
111	33
111	49
111	50
111	52
111	53
111	54
111	55
111	58
111	60
111	73
111	76
111	80
111	81
111	83
111	86
111	87
111	88
111	89
111	98
111	101
111	108
112	2
112	23
112	32
112	33
112	35
112	43
112	49
112	50
112	52
112	53
112	55
112	58
112	59
112	60
112	66
112	71
112	73
112	80
112	81
112	86
112	87
112	88
112	89
113	33
113	34
113	35
113	60
113	76
113	78
113	80
113	81
113	82
113	83
113	98
114	33
114	34
114	48
114	58
114	59
114	60
114	63
114	66
114	72
114	76
114	80
115	33
115	34
115	58
115	59
115	60
115	63
115	66
115	72
115	76
115	80
116	5
116	6
117	4
117	5
117	6
117	23
117	32
117	33
117	34
117	35
117	36
117	40
117	43
117	44
117	48
117	49
117	50
117	53
117	58
117	59
117	60
117	63
117	66
117	69
117	70
117	71
117	86
117	87
117	88
117	89
118	5
118	6
119	5
119	6
119	48
120	4
120	5
120	6
120	8
120	48
121	5
121	6
121	27
121	32
121	33
121	34
121	43
121	48
121	49
121	50
121	53
121	55
121	58
121	59
121	60
121	63
121	66
121	70
121	71
122	28
122	49
122	50
122	52
122	53
122	54
122	55
122	56
122	58
122	61
122	68
122	73
123	77
123	80
123	82
123	83
123	85
123	86
123	87
123	90
124	97
124	98
124	99
124	100
124	101
124	102
124	103
124	104
124	105
124	106
124	107
124	108
124	109
124	110
124	112
124	117
124	118
124	119
124	120
124	121
125	2
125	47
125	52
125	58
126	58
126	60
126	76
126	77
126	78
126	79
126	80
126	81
126	82
126	83
126	84
126	85
126	86
126	87
126	88
126	89
126	90
