20	18
44	48
12	23
20	36
4	5
12	37
3	51
44	23
12	24
32	30
25	5
12	48
29	11
19	30
6	5
20	7
20	13
1	37
44	33
29	37
51	5
10	28
19	51
45	5
19	34
20	16
44	15
32	5
26	5
29	17
20	8
20	26
40	5
9	5
16	5
7	5
42	5
1	21
3	14
38	5
20	6
44	35
20	45
20	27
43	5
32	2
32	28
1	48
3	50
41	5
44	43
19	2
20	42
29	33
10	30
2	5
12	21
32	50
37	5
29	40
20	25
19	28
27	5
29	21
10	14
44	40
12	17
32	14
3	5
1	17
19	50
18	5
34	5
10	50
20	39
19	14
12	40
35	5
28	5
32	34
29	35
46	5
8	5
20	4
44	24
1	43
12	43
12	11
44	17
39	5
10	34
1	11
3	2
12	35
44	21
3	28
17	5
14	5
20	9
50	5
3	30
32	51
29	43
3	34
1	24
1	35
10	5
10	51
20	46
12	33
48	5
29	23
30	5
31	5
12	15
20	49
1	15
29	15
13	5
29	48
10	2
44	11
1	40
1	23
49	5
22	5
1	33
44	37
19	5
36	5
29	24
