13	17
7	29
16	28
4	26
5	23
10	22
13	2
23	29
12	19
8	29
10	19
4	21
18	28
13	1
13	22
13	10
10	17
18	3
4	3
12	28
16	17
24	17
17	29
30	29
27	29
8	3
2	20
16	14
6	23
7	26
1	21
13	30
27	3
12	1
16	19
18	9
17	3
6	1
15	19
23	28
13	19
30	26
8	28
11	21
24	23
2	29
16	30
6	17
12	21
13	23
7	21
24	1
11	26
6	3
27	26
10	27
19	26
23	3
23	21
16	1
6	28
10	11
4	29
1	28
27	28
19	28
10	1
22	29
12	6
11	3
11	28
2	26
5	19
23	26
24	4
7	28
2	28
10	23
30	3
1	3
15	23
22	3
16	23
13	7
27	21
18	29
6	26
19	3
8	21
4	28
1	29
19	29
12	29
6	19
15	1
22	26
17	28
24	19
8	20
11	29
2	21
7	3
15	27
14	26
5	1
