38	8
5	8
11	23
36	22
5	23
22	13
17	37
21	33
32	29
27	12
40	8
30	27
40	28
26	8
14	13
20	23
27	8
36	13
38	29
20	13
25	37
36	8
21	28
32	1
36	1
25	10
21	8
25	19
6	29
36	26
27	29
20	1
25	2
20	8
22	28
34	13
11	13
6	8
27	13
19	35
36	34
40	29
25	22
5	33
38	35
22	23
22	33
22	8
39	13
6	3
16	35
25	6
24	35
14	29
6	35
39	7
4	29
36	25
5	28
27	28
17	19
38	33
38	22
19	13
34	8
11	8
11	3
38	28
25	34
18	8
25	5
18	13
16	29
25	40
25	21
40	33
31	13
19	8
22	3
31	29
2	13
25	24
21	1
21	23
26	13
22	1
5	29
22	15
25	27
36	29
10	29
21	29
40	13
32	13
11	29
6	13
20	29
26	29
22	29
39	8
22	7
36	5
24	13
