16	27
4	26
38	18
22	37
20	26
21	27
28	26
20	32
38	27
29	27
7	1
34	32
8	26
29	32
14	13
38	34
17	32
20	13
24	27
30	37
34	37
29	37
5	37
25	37
34	26
14	37
18	32
22	27
38	3
17	26
8	13
36	32
21	13
12	13
36	26
5	27
8	37
20	1
38	32
17	37
16	26
36	37
7	26
25	26
31	37
35	37
9	27
20	27
31	11
21	26
28	27
23	27
24	11
29	26
12	32
17	13
12	37
35	32
35	26
28	32
23	32
15	32
19	37
7	27
10	27
29	13
19	26
23	37
18	27
19	32
6	27
20	37
10	37
10	1
38	33
31	26
30	1
30	32
25	32
15	26
14	27
4	27
5	32
9	37
35	27
4	37
18	37
31	13
21	32
12	26
8	27
9	32
19	27
38	37
12	27
21	1
18	26
7	37
21	37
6	32
17	27
24	26
31	32
10	26
25	27
16	37
34	27
28	37
24	37
15	37
6	37
31	27
10	13
28	13
36	27
5	26
15	27
5	13
24	32
14	26
