34	38
26	19
36	21
36	22
15	42
52	46
26	9
34	21
45	44
17	23
45	21
52	17
53	38
28	33
34	50
15	33
15	21
28	23
28	51
6	33
26	7
34	19
53	11
6	51
48	51
48	33
24	36
17	29
9	44
36	50
26	33
45	11
26	51
45	40
17	51
52	53
9	11
6	23
48	21
52	6
28	11
45	38
48	38
9	35
26	36
53	7
34	41
53	44
15	19
53	9
28	14
53	23
6	40
9	29
45	35
9	7
26	21
26	35
48	14
17	35
34	51
48	19
48	44
52	34
9	40
52	30
48	50
9	51
34	33
52	1
28	38
9	33
28	35
15	35
28	21
6	35
36	33
52	2
26	14
45	51
17	40
36	51
17	19
9	23
45	33
26	50
17	50
17	7
53	19
45	29
34	7
52	36
28	40
34	29
53	40
15	40
53	50
24	51
15	51
34	23
34	40
28	7
17	21
48	40
45	23
6	21
48	23
53	14
36	35
34	11
17	12
36	23
48	7
52	15
36	11
15	23
9	19
36	19
9	41
9	50
15	7
34	35
48	35
26	23
17	33
53	21
26	11
45	19
52	24
26	29
28	44
6	50
53	33
28	19
36	7
15	44
36	29
52	8
53	35
48	11
53	41
52	10
15	11
53	51
52	9
9	21
17	38
36	40
9	38
48	41
