48	57
56	30
38	48
25	43
32	19
11	23
12	23
26	58
22	35
3	23
17	23
38	27
29	13
47	41
44	23
38	44
49	43
4	21
25	23
14	13
44	39
4	35
36	43
28	23
56	18
40	43
15	35
56	6
38	47
9	43
38	12
37	43
44	51
15	10
12	13
56	20
7	43
57	43
38	32
47	20
59	13
26	40
4	43
38	40
32	43
28	43
59	20
40	23
15	43
15	6
34	20
56	41
11	13
38	43
27	13
44	20
37	13
44	43
49	23
29	33
27	23
56	16
22	23
26	47
56	19
38	57
14	23
15	13
42	43
17	43
53	35
42	23
49	33
52	43
47	35
27	43
40	2
56	13
59	23
26	44
40	41
56	35
46	43
53	13
59	24
56	23
9	23
47	13
32	6
26	50
56	10
56	5
32	33
3	43
29	20
37	35
3	13
38	45
58	41
34	23
46	23
47	43
38	42
49	41
32	41
31	23
32	13
36	23
28	33
3	30
56	43
15	23
34	43
52	38
29	43
38	50
56	39
14	43
44	41
37	41
59	43
29	23
7	23
22	43
44	13
32	35
47	10
11	35
52	23
32	20
56	2
1	23
28	13
45	57
56	21
56	55
15	41
58	23
47	6
25	33
29	16
32	23
