31	56
73	39
73	85
35	62
11	51
23	84
19	82
79	14
73	7
75	69
57	37
2	14
61	82
10	25
50	56
11	25
44	56
68	14
79	56
9	56
73	1
40	56
57	58
75	81
52	56
9	82
6	56
48	80
64	56
79	82
48	54
57	56
57	62
20	51
75	86
23	56
72	28
70	59
44	82
79	27
79	3
42	51
70	56
55	56
61	56
49	82
48	4
72	14
75	56
48	77
48	14
64	82
72	26
48	84
79	86
35	4
42	87
57	24
68	56
48	3
75	51
73	4
75	82
73	56
42	22
75	74
49	56
70	82
35	56
44	14
2	56
20	66
2	78
73	37
79	24
42	39
48	56
42	74
49	14
10	56
57	14
79	5
42	36
11	56
73	14
73	62
20	25
79	41
48	85
42	21
75	66
73	3
9	62
75	24
10	51
75	39
9	14
35	82
20	36
48	82
72	82
73	80
19	56
72	56
12	56
73	54
42	45
20	39
79	37
48	62
50	82
79	38
42	69
2	82
57	80
75	85
42	46
