6	20
21	18
30	20
1	20
27	6
35	29
24	28
5	23
22	6
10	32
23	20
13	2
27	12
15	1
15	6
10	19
11	20
18	2
27	20
10	25
19	20
13	1
36	13
18	25
5	12
24	5
35	2
35	15
3	20
7	20
27	32
25	20
10	7
10	28
15	25
36	1
27	19
28	20
24	18
21	13
19	15
10	4
27	29
35	20
2	20
14	20
13	25
18	1
15	7
24	12
35	13
36	6
24	29
18	6
22	12
35	25
34	20
35	6
35	19
33	20
17	20
27	13
18	12
18	7
24	23
4	20
27	23
35	32
10	30
13	23
5	6
22	23
15	2
27	5
16	20
27	18
35	4
24	20
24	7
36	15
13	12
24	25
36	25
21	6
27	28
27	7
24	2
27	25
21	5
24	30
24	15
35	12
21	15
10	12
19	13
5	25
10	20
9	20
5	2
21	25
35	18
24	4
26	20
35	28
10	23
19	1
12	20
18	23
15	23
29	20
27	30
10	15
19	18
13	7
27	2
10	18
10	5
35	7
35	30
21	1
36	12
22	25
10	6
13	6
24	6
15	12
22	2
5	7
10	29
27	4
10	2
32	20
35	5
24	19
21	12
10	13
8	20
35	23
19	5
22	7
24	32
36	18
36	5
27	15
24	13
5	1
