30	20
61	54
4	66
43	20
12	45
25	20
46	47
12	23
46	21
59	47
57	27
61	36
57	37
51	20
11	20
50	47
65	5
36	67
30	16
29	41
61	46
33	47
64	47
30	47
54	20
59	5
51	47
51	26
4	44
49	44
4	62
64	40
56	20
51	40
30	37
30	13
11	37
36	48
11	14
10	45
42	47
61	47
63	46
46	20
59	20
57	68
57	40
61	64
36	47
56	1
50	13
44	20
33	66
51	16
61	56
4	54
6	40
12	47
65	31
65	28
64	20
6	60
33	44
10	3
65	18
12	3
42	20
11	47
57	24
49	66
57	7
63	56
57	47
29	30
58	47
61	66
32	20
53	20
56	13
56	47
32	47
61	51
35	47
46	40
57	21
30	14
65	47
35	20
42	44
49	46
42	16
30	22
55	20
30	1
51	37
36	20
10	20
9	20
51	21
29	44
65	2
57	14
56	7
6	47
61	20
10	23
41	20
43	47
12	20
66	24
32	40
65	14
57	17
25	47
51	45
65	37
39	60
39	47
56	14
36	40
57	1
15	20
54	47
4	46
63	41
66	47
33	46
41	47
58	20
65	34
58	60
57	60
50	20
55	47
15	37
10	47
30	40
30	34
6	37
54	67
56	37
63	4
9	47
29	51
11	52
32	13
46	37
42	69
66	20
46	52
65	45
36	5
38	20
39	20
57	13
