159	35
22	94
74	153
22	6
24	38
19	115
159	100
162	110
74	15
129	35
55	156
75	131
75	113
50	89
159	5
164	33
44	33
159	91
124	5
55	72
104	33
159	85
26	6
18	13
70	35
19	33
162	89
55	100
70	83
22	89
3	83
124	85
26	5
52	85
74	96
121	113
43	94
75	32
86	89
52	21
124	68
135	133
86	125
154	83
52	17
24	133
18	85
3	72
43	110
162	17
75	151
159	12
159	9
60	21
11	113
129	17
60	90
124	156
162	21
52	40
55	99
75	5
80	90
121	16
31	49
14	51
159	32
22	91
129	66
43	72
55	62
70	66
121	47
24	35
120	66
164	35
159	89
31	81
162	115
52	2
74	10
55	35
129	21
159	47
121	143
55	66
124	64
19	85
154	5
162	20
18	89
132	35
43	6
55	133
74	17
162	38
43	21
55	5
31	91
75	48
102	72
11	5
117	16
24	21
134	156
159	20
52	66
70	33
75	156
52	32
60	83
19	17
149	35
159	133
43	66
75	35
124	83
75	21
14	156
126	21
121	83
121	6
102	66
19	99
11	94
75	16
80	81
162	72
34	90
74	99
80	107
11	156
3	5
126	47
74	83
120	16
104	89
162	15
164	72
34	72
120	72
129	5
61	2
3	51
3	91
102	20
162	57
120	90
11	145
18	2
70	16
18	35
19	66
154	37
164	21
3	20
55	85
56	6
3	108
129	32
55	90
3	153
159	66
70	153
18	155
93	156
3	35
56	81
74	20
129	83
22	72
120	133
102	165
52	83
164	17
18	6
124	21
18	90
126	72
159	88
61	47
52	153
24	17
122	35
52	146
74	35
126	89
19	2
26	90
80	36
11	6
74	88
22	33
159	113
102	99
162	33
52	30
60	81
149	33
19	15
159	58
124	35
18	51
60	37
75	82
60	5
120	89
135	85
26	155
80	83
52	13
26	163
63	156
74	81
121	5
14	35
61	125
124	2
29	33
60	88
70	88
104	17
3	67
56	156
70	21
159	16
159	51
129	90
75	139
3	141
3	2
162	99
159	48
19	90
76	33
19	144
159	147
7	114
70	10
159	99
26	51
159	103
162	100
126	51
61	89
61	83
19	5
84	140
124	100
149	5
19	89
59	6
52	156
60	62
26	89
129	85
124	45
60	125
162	94
22	66
50	158
162	88
18	17
127	156
102	85
26	16
52	81
124	91
75	115
52	94
75	85
75	89
128	5
120	69
120	21
59	89
74	142
28	89
7	47
25	156
59	72
3	73
22	35
28	72
19	35
162	35
11	83
70	5
22	5
75	2
124	33
60	35
52	51
59	16
24	5
22	85
11	98
159	33
159	156
164	85
74	2
26	85
164	48
129	89
18	113
102	90
43	16
119	35
3	65
74	125
43	125
102	5
102	89
52	5
29	90
59	155
43	99
3	156
18	1
128	153
122	110
18	156
162	53
124	72
19	136
24	156
19	114
157	35
159	83
19	39
80	38
26	72
52	136
75	130
75	91
162	90
159	41
71	153
50	35
162	5
52	133
61	5
52	150
126	2
121	125
127	35
120	83
61	15
164	5
159	90
164	89
28	35
18	5
162	118
70	32
102	153
18	15
120	5
52	35
52	113
52	37
19	57
18	94
74	90
19	156
55	21
74	160
159	153
104	47
70	6
19	88
149	89
24	33
162	16
159	15
74	66
24	66
121	2
19	72
71	133
3	100
121	72
80	15
70	42
50	5
121	89
34	35
19	133
74	4
19	83
74	85
74	115
43	83
19	62
162	156
11	89
52	100
55	91
162	47
55	2
75	72
162	51
123	133
25	158
43	89
111	21
56	89
74	136
74	72
52	38
52	125
159	72
129	156
121	66
124	20
129	47
75	51
74	48
84	5
31	51
7	89
60	66
74	165
34	156
159	21
19	20
74	89
55	6
159	110
43	101
52	33
19	16
59	5
74	62
61	158
123	156
120	6
137	21
59	85
120	88
159	155
26	156
126	5
134	21
22	17
3	77
121	90
134	133
162	83
75	97
70	89
80	35
43	35
124	153
162	153
84	33
76	27
75	88
43	5
74	5
75	66
18	153
102	21
95	66
126	35
34	33
74	38
137	89
74	151
164	113
19	81
74	21
52	148
26	133
126	90
93	35
102	94
75	90
24	83
18	66
159	77
124	99
129	48
3	99
74	6
52	155
121	35
28	81
26	88
102	17
19	110
159	105
75	99
134	35
135	156
159	115
120	51
162	138
154	78
11	72
70	85
19	6
52	110
123	35
75	116
159	148
43	113
11	90
154	81
52	15
162	8
18	83
25	4
159	10
52	72
93	21
3	88
124	112
43	85
75	83
80	156
149	85
80	106
129	138
162	85
84	133
11	85
75	33
60	89
28	13
84	35
70	46
52	161
154	153
