21	18
18	10
13	3
15	14
9	14
4	26
9	36
28	30
14	38
9	18
9	8
8	52
5	3
7	10
31	18
22	43
21	30
18	38
40	43
46	18
18	3
44	33
35	10
19	33
20	38
42	38
31	30
7	43
8	3
34	38
47	3
49	47
2	3
19	52
19	10
1	38
45	38
25	3
17	36
35	38
16	6
51	38
45	43
4	6
20	3
28	14
40	52
9	12
14	10
11	38
9	24
44	38
28	6
49	18
22	33
47	52
9	40
12	3
28	12
9	51
9	6
6	3
23	38
25	38
9	50
47	38
16	49
23	3
51	3
14	52
39	38
8	10
9	7
9	45
28	47
9	19
18	43
9	23
18	52
35	3
22	38
9	22
22	52
37	38
19	43
9	28
11	3
9	34
42	3
49	14
9	41
2	43
8	38
45	3
47	43
19	38
12	38
29	38
30	38
29	3
2	38
41	3
9	25
35	52
30	3
1	3
7	38
1	33
39	3
7	52
14	43
35	43
37	3
13	38
49	30
9	32
14	3
44	3
8	43
40	10
45	10
19	3
34	3
9	42
45	52
2	10
21	47
9	48
47	10
5	38
41	38
32	38
6	38
32	3
2	52
22	10
40	3
22	3
7	3
21	24
40	38
49	6
51	33
