15	57
34	12
34	72
71	40
15	42
78	68
35	24
17	73
63	6
34	42
79	42
47	24
34	6
14	42
11	9
44	42
64	57
75	57
20	57
32	72
35	9
79	56
74	12
34	37
34	9
43	68
19	51
26	56
26	6
8	40
60	9
55	68
77	57
19	72
75	40
34	57
45	6
48	42
59	56
43	50
49	24
34	73
48	57
8	24
18	6
18	56
45	72
75	66
75	12
49	42
63	61
64	56
8	73
78	72
2	57
8	6
18	24
7	57
41	6
32	73
43	12
29	40
38	57
18	66
35	42
63	56
63	72
49	73
49	12
75	51
75	61
63	42
15	72
49	56
35	56
34	66
58	57
34	24
19	57
74	9
78	12
77	9
75	73
32	42
74	72
34	68
19	6
48	56
32	12
32	24
38	42
31	57
49	9
11	56
78	50
18	9
64	6
75	37
75	68
48	24
17	51
62	27
63	57
65	37
7	72
75	24
75	50
16	72
44	57
8	9
7	73
33	57
79	57
49	57
18	42
75	6
75	42
43	42
32	57
26	42
75	72
8	12
74	73
79	9
19	40
33	9
7	42
78	66
2	42
21	24
29	24
