38	41
7	69
61	54
59	57
79	32
90	48
59	35
85	41
75	49
88	89
73	17
56	4
40	32
81	29
71	4
82	3
26	49
14	21
75	69
85	54
25	80
87	54
6	54
59	29
88	48
36	3
6	41
40	27
60	35
87	41
79	17
72	41
75	91
81	3
86	32
42	41
40	17
7	54
84	69
62	80
61	35
77	3
74	17
36	91
73	91
81	41
14	69
70	35
25	89
36	24
31	24
22	41
43	24
82	32
84	34
5	27
25	29
53	29
25	34
63	54
25	17
65	58
43	21
67	29
47	8
86	89
33	69
61	21
77	91
11	41
53	3
36	21
25	3
22	21
40	35
88	58
67	17
84	54
36	34
31	69
86	41
59	37
25	54
78	8
19	21
36	4
31	41
53	91
59	41
36	80
45	27
61	27
68	48
36	54
84	91
87	17
81	80
53	57
75	27
81	91
36	69
36	41
7	34
10	41
6	27
46	91
40	41
77	80
75	3
86	48
20	48
25	35
83	80
78	29
36	89
86	58
25	4
61	89
25	69
60	48
59	21
84	32
43	48
40	34
19	48
46	69
44	21
59	54
59	48
71	29
36	35
36	27
36	58
25	21
33	89
6	17
84	3
25	12
53	49
81	21
78	17
40	48
13	21
26	17
53	34
25	24
53	80
40	54
23	80
61	49
40	29
60	17
85	17
59	17
43	91
36	12
87	32
81	69
87	4
6	32
70	32
75	17
43	32
6	48
9	89
31	32
61	34
87	48
25	27
75	21
43	41
75	80
36	17
7	32
76	69
86	24
87	69
55	21
7	24
59	32
40	21
18	41
9	21
36	49
20	69
82	48
87	34
86	69
33	41
79	48
