51	55
49	80
93	80
1	39
117	56
63	21
1	52
52	43
9	36
44	111
115	8
50	111
74	111
45	2
66	102
25	13
61	18
51	92
75	13
25	80
103	68
5	111
104	70
46	63
51	2
30	80
1	65
1	41
15	111
87	41
19	80
45	65
94	119
81	8
46	36
46	26
88	8
89	85
89	49
11	102
4	13
46	78
104	66
11	98
119	111
30	111
46	75
45	4
117	39
44	75
51	47
3	111
39	111
72	111
59	111
60	111
9	3
117	55
48	111
34	111
23	36
50	80
109	111
41	80
69	111
6	80
18	14
1	116
1	102
21	13
117	73
9	78
54	23
46	43
112	80
93	13
18	113
30	13
37	8
4	111
46	85
19	111
117	52
18	114
117	68
119	80
4	114
36	111
96	65
18	82
117	98
18	11
87	23
1	21
18	66
108	83
44	49
46	21
107	111
23	43
83	8
21	80
88	53
117	82
53	111
56	8
25	111
68	13
51	65
92	80
52	50
50	13
108	42
89	80
113	111
117	14
92	8
18	7
105	80
17	111
14	111
46	49
1	73
103	72
116	111
82	111
51	52
20	111
92	111
41	13
11	111
89	13
23	50
36	80
44	8
72	43
6	111
41	111
46	74
46	3
33	119
85	111
18	23
1	82
18	98
46	102
29	13
105	13
117	119
23	120
46	30
46	24
18	91
68	80
114	111
52	25
63	102
106	13
95	111
66	46
104	14
83	13
72	80
53	13
52	120
45	119
102	111
47	80
46	40
32	111
18	42
47	13
89	111
117	81
96	52
83	80
18	115
23	78
52	3
51	93
78	111
35	111
103	12
46	56
18	16
49	111
7	111
42	111
19	13
12	111
18	92
73	111
117	65
91	80
70	13
70	73
119	13
46	118
18	119
46	23
1	91
117	53
4	80
43	111
55	111
65	80
18	8
68	111
18	2
100	111
18	73
118	111
1	55
65	13
88	111
18	55
63	26
103	92
118	13
46	106
9	25
52	78
4	2
2	111
75	111
54	42
51	4
88	52
43	13
24	80
23	25
18	65
18	15
117	75
108	114
26	111
70	111
52	36
9	50
120	80
51	114
36	13
46	120
117	5
49	13
91	111
52	42
66	111
65	111
46	9
102	75
18	111
24	111
46	25
94	105
43	80
74	13
117	7
63	41
56	80
46	19
87	26
87	102
120	111
84	8
38	98
118	80
46	41
46	50
37	53
103	75
64	39
74	80
9	120
78	80
75	80
51	7
96	73
58	111
76	111
78	13
105	8
99	8
29	111
40	13
87	21
1	23
112	111
18	26
52	9
93	111
47	111
51	91
51	73
23	9
120	13
6	13
64	55
54	26
88	87
53	80
117	57
114	8
64	2
9	43
92	13
96	4
24	13
64	92
31	111
